[DEBUG] instanceFilePath: instances/max_sc_qbf/max_sc_qbf-n_100-k_3.txt
[DEBUG] alpha: 0.05
[DEBUG] numberOfRandomIterations: -1
[DEBUG] isFirstImprovement: false
[DEBUG] isLinearBiasFunction: true
Using the Linear Bias Function
(Iter. 0| N ) BestSol = Solution: cost=[-1541.6799999999994], size=[68], elements=[48, 66, 88, 58, 25, 24, 12, 72, 90, 31, 91, 97, 54, 3, 83, 5, 81, 61, 13, 38, 86, 74, 99, 87, 14, 69, 62, 94, 57, 84, 23, 6, 55, 22, 59, 32, 95, 79, 17, 35, 7, 76, 37, 67, 50, 64, 43, 42, 2, 45, 27, 19, 16, 51, 78, 4, 20, 11, 98, 36, 93, 9, 77, 39, 82, 92, 85, 70]
(Iter. 1| N ) BestSol = Solution: cost=[-1556.5999999999997], size=[68], elements=[54, 84, 51, 22, 93, 94, 7, 55, 6, 97, 5, 98, 90, 72, 83, 31, 59, 14, 50, 66, 25, 87, 12, 24, 32, 95, 35, 76, 67, 99, 13, 43, 42, 79, 23, 69, 16, 61, 78, 3, 2, 27, 86, 45, 37, 9, 74, 20, 88, 91, 57, 17, 62, 4, 64, 58, 11, 36, 77, 81, 10, 48, 39, 96, 41, 82, 85, 0]
maxVal = Solution: cost=[-1556.5999999999997], size=[68], elements=[54, 84, 51, 22, 93, 94, 7, 55, 6, 97, 5, 98, 90, 72, 83, 31, 59, 14, 50, 66, 25, 87, 12, 24, 32, 95, 35, 76, 67, 99, 13, 43, 42, 79, 23, 69, 16, 61, 78, 3, 2, 27, 86, 45, 37, 9, 74, 20, 88, 91, 57, 17, 62, 4, 64, 58, 11, 36, 77, 81, 10, 48, 39, 96, 41, 82, 85, 0]
Time = 1800.166 seg
