[DEBUG] instanceFilePath: instances/max_sc_qbf/max_sc_qbf-n_400-k_5.txt
[DEBUG] alpha: 0.05
[DEBUG] numberOfRandomIterations: -1
[DEBUG] isFirstImprovement: false
[DEBUG] isLinearBiasFunction: true
Using the Linear Bias Function
(Iter. 0| N ) BestSol = Solution: cost=[-13443.809999999996], size=[262], elements=[47, 254, 240, 89, 14, 52, 107, 383, 225, 371, 69, 288, 298, 176, 194, 32, 88, 262, 142, 203, 75, 81, 77, 215, 11, 94, 39, 72, 274, 2, 396, 55, 132, 249, 58, 354, 233, 230, 201, 154, 293, 127, 192, 338, 130, 144, 322, 317, 275, 313, 133, 329, 7, 146, 228, 312, 109, 80, 149, 182, 277, 200, 190, 219, 45, 266, 333, 138, 135, 44, 343, 38, 76, 367, 345, 62, 235, 355, 61, 93, 198, 257, 358, 85, 239, 311, 124, 18, 326, 315, 83, 141, 122, 167, 327, 134, 195, 92, 34, 131, 8, 121, 41, 278, 187, 387, 248, 210, 205, 362, 99, 256, 245, 234, 301, 181, 158, 5, 307, 183, 336, 117, 102, 350, 40, 221, 145, 323, 171, 111, 281, 23, 59, 151, 337, 0, 214, 287, 29, 353, 246, 285, 316, 193, 243, 103, 139, 165, 314, 305, 64, 20, 25, 22, 306, 263, 394, 128, 283, 112, 108, 125, 344, 150, 73, 169, 351, 197, 302, 35, 255, 261, 50, 259, 391, 70, 91, 389, 163, 348, 6, 184, 13, 279, 258, 267, 384, 90, 168, 381, 375, 74, 51, 380, 373, 332, 241, 188, 68, 218, 65, 24, 271, 244, 1, 308, 15, 4, 247, 260, 386, 3, 16, 199, 28, 213, 42, 82, 347, 143, 19, 282, 31, 352, 118, 356, 361, 330, 173, 284, 341, 334, 12, 395, 369, 226, 237, 376, 273, 397, 179, 153, 123, 390, 126, 309, 349, 208, 318, 251, 360, 270, 310, 292, 21, 377, 100, 374, 212, 17, 370, 60]
(Iter. 1| N ) BestSol = Solution: cost=[-13469.000000000007], size=[264], elements=[51, 389, 219, 267, 120, 384, 288, 201, 314, 274, 238, 167, 18, 369, 317, 198, 192, 394, 312, 50, 313, 109, 397, 80, 240, 154, 158, 371, 124, 65, 70, 258, 59, 233, 203, 277, 75, 7, 356, 130, 210, 14, 2, 34, 45, 76, 133, 39, 361, 62, 142, 176, 235, 271, 230, 281, 355, 134, 131, 175, 333, 169, 168, 205, 99, 395, 345, 266, 138, 243, 163, 187, 247, 85, 396, 318, 173, 293, 257, 181, 341, 93, 283, 74, 40, 31, 193, 327, 200, 386, 184, 150, 69, 111, 183, 72, 190, 58, 145, 350, 214, 306, 222, 351, 20, 0, 132, 182, 256, 23, 22, 241, 6, 234, 323, 387, 334, 329, 311, 326, 239, 298, 171, 275, 383, 151, 4, 337, 322, 139, 195, 90, 367, 135, 94, 83, 301, 52, 260, 287, 165, 146, 44, 92, 261, 125, 381, 362, 13, 316, 215, 8, 121, 218, 3, 81, 61, 285, 24, 102, 194, 332, 246, 262, 305, 64, 25, 21, 302, 35, 38, 376, 263, 91, 15, 373, 73, 112, 279, 188, 88, 221, 307, 297, 259, 197, 77, 244, 348, 103, 47, 354, 255, 143, 55, 375, 225, 108, 117, 223, 344, 89, 380, 338, 42, 284, 391, 68, 248, 352, 107, 227, 82, 19, 126, 179, 226, 41, 208, 199, 264, 28, 228, 213, 128, 278, 309, 29, 118, 237, 349, 149, 141, 122, 315, 330, 12, 245, 282, 1, 71, 308, 144, 53, 378, 254, 79, 358, 292, 127, 251, 17, 100, 360, 377, 43, 270, 310, 229, 157, 325, 370, 347, 374]
(Iter. 8| N ) BestSol = Solution: cost=[-13472.209999999997], size=[267], elements=[51, 389, 219, 384, 267, 288, 281, 65, 203, 310, 154, 306, 70, 271, 22, 143, 15, 192, 124, 322, 184, 341, 62, 82, 213, 293, 375, 327, 323, 28, 200, 228, 133, 103, 312, 80, 307, 34, 131, 6, 74, 362, 13, 285, 199, 187, 41, 222, 109, 386, 102, 183, 387, 8, 139, 266, 197, 326, 259, 210, 381, 244, 20, 193, 394, 201, 90, 261, 289, 277, 118, 354, 334, 132, 130, 58, 329, 198, 369, 353, 16, 153, 262, 308, 250, 99, 88, 61, 81, 45, 141, 144, 313, 333, 246, 235, 5, 92, 176, 305, 347, 355, 23, 18, 151, 361, 59, 255, 367, 94, 91, 233, 317, 245, 64, 214, 145, 275, 136, 93, 52, 371, 396, 69, 274, 89, 248, 35, 167, 24, 76, 182, 230, 190, 314, 163, 298, 171, 3, 4, 194, 284, 257, 356, 38, 107, 302, 358, 225, 383, 47, 337, 146, 241, 55, 205, 218, 351, 121, 134, 344, 128, 283, 1, 125, 311, 287, 239, 138, 243, 44, 316, 258, 135, 158, 240, 256, 42, 21, 338, 195, 212, 19, 14, 40, 234, 43, 169, 98, 112, 75, 39, 127, 115, 374, 11, 60, 279, 249, 29, 373, 168, 188, 345, 350, 0, 348, 352, 117, 247, 282, 379, 280, 332, 12, 72, 111, 260, 390, 336, 31, 343, 85, 301, 181, 126, 173, 165, 77, 395, 391, 2, 122, 377, 226, 273, 397, 376, 84, 68, 349, 50, 32, 83, 292, 142, 270, 251, 150, 237, 7, 263, 360, 330, 208, 108, 73, 215, 221, 100, 25, 318, 378, 321, 325, 238, 370]
(Iter. 10| N ) BestSol = Solution: cost=[-13568.539999999992], size=[263], elements=[51, 219, 389, 120, 267, 384, 288, 201, 312, 109, 50, 203, 248, 154, 394, 293, 281, 187, 15, 20, 193, 341, 192, 132, 68, 317, 142, 396, 275, 70, 311, 371, 308, 237, 314, 35, 88, 39, 334, 23, 397, 80, 83, 52, 158, 352, 72, 274, 18, 194, 7, 318, 257, 58, 176, 301, 163, 71, 133, 65, 92, 99, 45, 4, 266, 233, 326, 124, 285, 34, 200, 62, 239, 298, 131, 145, 329, 13, 183, 8, 171, 167, 210, 356, 69, 3, 283, 287, 369, 181, 333, 205, 305, 139, 327, 395, 235, 195, 367, 323, 90, 151, 214, 277, 262, 93, 130, 14, 150, 313, 134, 111, 102, 387, 21, 355, 125, 6, 81, 344, 59, 128, 361, 22, 64, 271, 218, 345, 234, 256, 74, 247, 75, 121, 76, 182, 386, 55, 260, 138, 173, 350, 107, 53, 240, 0, 230, 135, 190, 222, 112, 24, 302, 337, 316, 117, 362, 146, 358, 165, 306, 383, 31, 38, 332, 279, 44, 322, 184, 227, 284, 215, 47, 198, 100, 351, 376, 278, 263, 381, 29, 348, 289, 42, 118, 61, 127, 261, 91, 1, 246, 2, 243, 168, 307, 40, 374, 108, 17, 373, 259, 255, 197, 89, 188, 199, 280, 73, 94, 338, 375, 103, 77, 282, 251, 12, 144, 41, 179, 225, 28, 208, 82, 330, 19, 169, 241, 212, 379, 292, 254, 245, 349, 143, 228, 249, 43, 136, 347, 244, 85, 98, 25, 213, 360, 346, 141, 122, 335, 270, 377, 310, 115, 264, 238, 370, 84, 33, 391, 126, 378, 325, 242]
maxVal = Solution: cost=[-13568.539999999992], size=[263], elements=[51, 219, 389, 120, 267, 384, 288, 201, 312, 109, 50, 203, 248, 154, 394, 293, 281, 187, 15, 20, 193, 341, 192, 132, 68, 317, 142, 396, 275, 70, 311, 371, 308, 237, 314, 35, 88, 39, 334, 23, 397, 80, 83, 52, 158, 352, 72, 274, 18, 194, 7, 318, 257, 58, 176, 301, 163, 71, 133, 65, 92, 99, 45, 4, 266, 233, 326, 124, 285, 34, 200, 62, 239, 298, 131, 145, 329, 13, 183, 8, 171, 167, 210, 356, 69, 3, 283, 287, 369, 181, 333, 205, 305, 139, 327, 395, 235, 195, 367, 323, 90, 151, 214, 277, 262, 93, 130, 14, 150, 313, 134, 111, 102, 387, 21, 355, 125, 6, 81, 344, 59, 128, 361, 22, 64, 271, 218, 345, 234, 256, 74, 247, 75, 121, 76, 182, 386, 55, 260, 138, 173, 350, 107, 53, 240, 0, 230, 135, 190, 222, 112, 24, 302, 337, 316, 117, 362, 146, 358, 165, 306, 383, 31, 38, 332, 279, 44, 322, 184, 227, 284, 215, 47, 198, 100, 351, 376, 278, 263, 381, 29, 348, 289, 42, 118, 61, 127, 261, 91, 1, 246, 2, 243, 168, 307, 40, 374, 108, 17, 373, 259, 255, 197, 89, 188, 199, 280, 73, 94, 338, 375, 103, 77, 282, 251, 12, 144, 41, 179, 225, 28, 208, 82, 330, 19, 169, 241, 212, 379, 292, 254, 245, 349, 143, 228, 249, 43, 136, 347, 244, 85, 98, 25, 213, 360, 346, 141, 122, 335, 270, 377, 310, 115, 264, 238, 370, 84, 33, 391, 126, 378, 325, 242]
Time = 1821.062 seg
