[DEBUG] instanceFilePath: instances/max_sc_qbf/max_sc_qbf-n_100-k_4.txt
[DEBUG] alpha: 0.05
[DEBUG] numberOfRandomIterations: -1
[DEBUG] isFirstImprovement: false
[DEBUG] isLinearBiasFunction: true
Using the Linear Bias Function
(Iter. 0| N ) BestSol = Solution: cost=[-1511.0499999999997], size=[62], elements=[68, 44, 4, 26, 81, 18, 55, 54, 27, 37, 49, 96, 8, 76, 2, 86, 19, 92, 46, 79, 29, 34, 31, 77, 71, 9, 17, 11, 45, 80, 47, 99, 38, 51, 64, 24, 50, 85, 42, 59, 60, 5, 40, 43, 16, 36, 0, 73, 6, 97, 84, 72, 70, 48, 93, 61, 98, 14, 69, 78, 91, 1]
(Iter. 2| N ) BestSol = Solution: cost=[-1524.5399999999993], size=[61], elements=[68, 44, 4, 26, 81, 18, 55, 54, 27, 8, 49, 37, 76, 96, 2, 86, 92, 19, 29, 34, 79, 46, 77, 31, 99, 80, 45, 47, 70, 38, 9, 11, 0, 6, 84, 73, 71, 16, 48, 64, 93, 97, 5, 40, 24, 42, 43, 51, 36, 60, 78, 59, 50, 72, 98, 95, 1, 14, 69, 91, 12]
maxVal = Solution: cost=[-1524.5399999999993], size=[61], elements=[68, 44, 4, 26, 81, 18, 55, 54, 27, 8, 49, 37, 76, 96, 2, 86, 92, 19, 29, 34, 79, 46, 77, 31, 99, 80, 45, 47, 70, 38, 9, 11, 0, 6, 84, 73, 71, 16, 48, 64, 93, 97, 5, 40, 24, 42, 43, 51, 36, 60, 78, 59, 50, 72, 98, 95, 1, 14, 69, 91, 12]
Time = 1800.242 seg
