[DEBUG] instanceFilePath: instances/max_sc_qbf/max_sc_qbf-n_200-k_4.txt
[DEBUG] alpha: 0.05
[DEBUG] numberOfRandomIterations: -1
[DEBUG] isFirstImprovement: false
[DEBUG] isLinearBiasFunction: true
Using the Linear Bias Function
(Iter. 0| N ) BestSol = Solution: cost=[-4937.550000000002], size=[142], elements=[88, 60, 94, 196, 175, 190, 154, 1, 12, 89, 79, 82, 81, 71, 147, 141, 2, 185, 29, 3, 9, 39, 33, 156, 23, 99, 55, 110, 57, 127, 192, 43, 112, 117, 126, 140, 109, 170, 100, 91, 151, 97, 194, 40, 31, 180, 58, 49, 10, 18, 74, 118, 70, 36, 198, 95, 30, 21, 17, 152, 5, 19, 11, 59, 78, 173, 28, 76, 166, 171, 104, 7, 158, 80, 56, 47, 195, 133, 138, 102, 64, 163, 44, 119, 120, 197, 137, 90, 153, 165, 121, 115, 191, 150, 167, 77, 45, 177, 65, 184, 113, 42, 25, 178, 149, 135, 67, 35, 13, 174, 162, 155, 188, 93, 139, 0, 27, 181, 73, 183, 4, 86, 14, 20, 92, 130, 53, 124, 69, 129, 144, 85, 54, 75, 199, 16, 96, 103, 63, 187, 98, 146]
(Iter. 100| N ) BestSol = Solution: cost=[-4945.48], size=[142], elements=[88, 18, 99, 173, 137, 9, 191, 198, 188, 163, 115, 58, 82, 135, 77, 28, 74, 167, 2, 118, 139, 69, 92, 117, 155, 152, 17, 100, 30, 127, 70, 94, 121, 113, 29, 97, 64, 44, 89, 138, 27, 78, 55, 40, 178, 183, 19, 71, 57, 36, 196, 110, 56, 166, 104, 147, 59, 119, 45, 101, 109, 65, 177, 153, 102, 170, 151, 130, 73, 126, 190, 192, 98, 11, 47, 194, 185, 76, 112, 184, 91, 39, 3, 25, 21, 31, 195, 140, 42, 133, 165, 13, 35, 23, 95, 7, 80, 81, 90, 150, 63, 197, 156, 179, 10, 158, 171, 5, 162, 144, 15, 180, 67, 33, 103, 72, 54, 129, 181, 174, 85, 124, 49, 4, 96, 86, 14, 20, 53, 154, 199, 93, 16, 116, 120, 12, 60, 175, 141, 0, 149, 79]
maxVal = Solution: cost=[-4945.48], size=[142], elements=[88, 18, 99, 173, 137, 9, 191, 198, 188, 163, 115, 58, 82, 135, 77, 28, 74, 167, 2, 118, 139, 69, 92, 117, 155, 152, 17, 100, 30, 127, 70, 94, 121, 113, 29, 97, 64, 44, 89, 138, 27, 78, 55, 40, 178, 183, 19, 71, 57, 36, 196, 110, 56, 166, 104, 147, 59, 119, 45, 101, 109, 65, 177, 153, 102, 170, 151, 130, 73, 126, 190, 192, 98, 11, 47, 194, 185, 76, 112, 184, 91, 39, 3, 25, 21, 31, 195, 140, 42, 133, 165, 13, 35, 23, 95, 7, 80, 81, 90, 150, 63, 197, 156, 179, 10, 158, 171, 5, 162, 144, 15, 180, 67, 33, 103, 72, 54, 129, 181, 174, 85, 124, 49, 4, 96, 86, 14, 20, 53, 154, 199, 93, 16, 116, 120, 12, 60, 175, 141, 0, 149, 79]
Time = 1800.309 seg
