[DEBUG] instanceFilePath: instances/max_sc_qbf/max_sc_qbf-n_400-k_3.txt
[DEBUG] alpha: 0.05
[DEBUG] numberOfRandomIterations: -1
[DEBUG] isFirstImprovement: false
[DEBUG] isLinearBiasFunction: true
Using the Linear Bias Function
(Iter. 0| N ) BestSol = Solution: cost=[-10353.009999999997], size=[268], elements=[335, 39, 309, 31, 72, 362, 249, 5, 343, 208, 67, 318, 179, 178, 75, 369, 147, 222, 265, 281, 392, 350, 97, 266, 284, 300, 230, 120, 280, 38, 398, 23, 283, 248, 303, 162, 114, 69, 174, 320, 58, 234, 95, 293, 195, 257, 68, 307, 121, 48, 82, 205, 261, 345, 70, 84, 33, 78, 115, 267, 243, 145, 292, 2, 384, 200, 263, 327, 175, 354, 41, 186, 146, 152, 79, 65, 198, 359, 347, 311, 117, 51, 99, 228, 89, 64, 199, 156, 73, 168, 213, 296, 353, 302, 163, 223, 355, 206, 181, 92, 232, 148, 238, 59, 151, 252, 330, 22, 12, 16, 301, 21, 141, 189, 26, 339, 385, 130, 136, 333, 313, 40, 357, 118, 387, 371, 373, 383, 177, 197, 131, 288, 216, 60, 71, 90, 164, 271, 80, 340, 329, 348, 322, 215, 270, 125, 86, 289, 276, 28, 291, 364, 29, 379, 9, 268, 11, 176, 328, 377, 36, 349, 201, 192, 236, 32, 18, 167, 122, 378, 112, 395, 285, 331, 49, 8, 341, 315, 157, 52, 113, 338, 180, 124, 185, 258, 334, 370, 219, 237, 44, 133, 87, 388, 366, 250, 17, 158, 224, 209, 326, 171, 187, 297, 279, 321, 214, 391, 27, 247, 196, 47, 346, 93, 96, 91, 352, 20, 24, 25, 207, 35, 46, 62, 63, 101, 56, 103, 105, 107, 123, 132, 394, 137, 316, 191, 10, 143, 254, 150, 155, 323, 382, 169, 246, 183, 210, 188, 190, 182, 351, 259, 241, 298, 332, 269, 358, 299, 317, 363, 396, 14, 274, 7, 319, 98, 165, 389]
(Iter. 1| N ) BestSol = Solution: cost=[-10419.770000000004], size=[264], elements=[198, 161, 269, 91, 25, 116, 69, 315, 384, 64, 179, 29, 219, 86, 10, 359, 267, 120, 206, 186, 354, 234, 268, 300, 311, 191, 343, 137, 291, 68, 105, 270, 176, 90, 302, 289, 20, 338, 378, 185, 113, 150, 330, 147, 261, 328, 180, 364, 197, 177, 347, 117, 280, 67, 132, 334, 201, 192, 292, 348, 377, 223, 327, 83, 151, 318, 371, 349, 250, 175, 174, 383, 243, 205, 9, 257, 8, 385, 248, 258, 36, 355, 84, 60, 247, 121, 93, 2, 49, 313, 39, 87, 182, 346, 305, 73, 335, 17, 210, 209, 31, 228, 237, 353, 333, 307, 163, 26, 296, 22, 322, 124, 224, 246, 80, 40, 373, 252, 97, 158, 168, 148, 288, 166, 47, 301, 263, 82, 164, 71, 362, 51, 303, 299, 46, 395, 370, 236, 130, 249, 387, 122, 5, 59, 32, 18, 271, 199, 340, 70, 171, 99, 112, 214, 125, 208, 345, 391, 65, 89, 115, 167, 297, 133, 95, 293, 232, 339, 103, 178, 48, 141, 283, 78, 41, 213, 181, 96, 114, 381, 27, 145, 33, 350, 24, 118, 196, 215, 320, 238, 265, 285, 11, 329, 92, 309, 52, 331, 398, 157, 35, 352, 388, 189, 149, 23, 79, 146, 276, 379, 72, 75, 44, 222, 21, 357, 392, 62, 152, 16, 230, 366, 200, 63, 281, 101, 107, 123, 131, 235, 156, 274, 319, 317, 143, 254, 155, 316, 169, 390, 351, 183, 341, 7, 259, 275, 314, 188, 190, 216, 187, 369, 56, 241, 298, 358, 244, 397, 363, 396, 323, 14, 195, 203]
(Iter. 2| N ) BestSol = Solution: cost=[-10486.559999999998], size=[263], elements=[335, 39, 309, 31, 72, 147, 265, 5, 250, 358, 318, 89, 280, 186, 378, 115, 198, 347, 235, 209, 398, 97, 103, 311, 213, 46, 177, 359, 90, 339, 354, 276, 241, 267, 206, 383, 244, 243, 2, 236, 8, 379, 58, 364, 175, 349, 252, 373, 254, 263, 71, 386, 384, 111, 223, 151, 238, 350, 192, 343, 60, 291, 157, 362, 179, 229, 92, 164, 348, 49, 18, 117, 80, 82, 23, 114, 333, 355, 69, 78, 331, 112, 124, 61, 15, 234, 41, 40, 131, 196, 73, 296, 385, 123, 325, 201, 210, 52, 65, 249, 327, 200, 145, 163, 121, 70, 95, 300, 99, 26, 307, 285, 51, 257, 212, 199, 64, 301, 283, 353, 33, 168, 261, 321, 188, 303, 84, 21, 130, 329, 232, 328, 315, 93, 377, 174, 208, 122, 346, 110, 141, 118, 397, 133, 113, 370, 22, 59, 129, 345, 313, 357, 320, 247, 302, 32, 388, 258, 36, 279, 299, 205, 53, 146, 340, 371, 268, 87, 319, 224, 246, 86, 171, 271, 28, 29, 215, 289, 9, 137, 125, 203, 237, 91, 158, 219, 322, 166, 351, 330, 81, 288, 11, 326, 191, 96, 233, 395, 391, 181, 185, 352, 7, 180, 292, 334, 120, 366, 48, 107, 167, 387, 138, 20, 281, 17, 197, 24, 27, 155, 68, 35, 62, 259, 176, 63, 67, 230, 47, 79, 101, 152, 317, 161, 295, 228, 105, 148, 297, 216, 222, 98, 390, 153, 132, 143, 150, 16, 169, 316, 183, 262, 190, 182, 298, 305, 269, 102, 12, 363, 392, 396, 274]
(Iter. 4| N ) BestSol = Solution: cost=[-10487.039999999997], size=[261], elements=[335, 39, 5, 261, 40, 347, 362, 189, 97, 168, 289, 280, 190, 350, 198, 69, 120, 182, 181, 188, 70, 303, 328, 283, 60, 369, 309, 222, 113, 206, 68, 395, 353, 186, 148, 48, 147, 46, 7, 378, 89, 311, 112, 291, 11, 51, 359, 373, 130, 167, 41, 330, 115, 343, 121, 318, 249, 247, 64, 86, 195, 122, 257, 84, 72, 174, 208, 357, 327, 296, 377, 163, 243, 258, 26, 59, 263, 223, 151, 302, 232, 95, 299, 205, 345, 384, 149, 370, 93, 346, 33, 175, 158, 199, 171, 192, 118, 348, 333, 355, 246, 80, 141, 292, 340, 320, 297, 339, 32, 301, 71, 285, 36, 49, 180, 276, 87, 364, 250, 22, 179, 391, 271, 78, 125, 185, 349, 82, 2, 92, 31, 117, 252, 329, 29, 201, 131, 209, 157, 305, 90, 177, 18, 196, 398, 213, 73, 99, 385, 307, 387, 315, 65, 268, 234, 300, 176, 371, 133, 145, 27, 67, 114, 237, 9, 164, 238, 210, 334, 197, 313, 224, 8, 146, 236, 381, 23, 79, 215, 228, 267, 124, 322, 269, 91, 338, 288, 379, 354, 317, 331, 116, 319, 388, 132, 200, 52, 392, 219, 166, 254, 366, 383, 96, 351, 216, 230, 248, 137, 152, 138, 0, 274, 270, 20, 17, 21, 24, 25, 214, 35, 47, 62, 83, 63, 281, 265, 101, 259, 341, 103, 105, 156, 143, 150, 191, 155, 169, 275, 183, 203, 235, 241, 298, 106, 314, 390, 202, 161, 233, 358, 397, 244, 81, 28, 308, 123, 12, 363, 98, 396]
(Iter. 6| N ) BestSol = Solution: cost=[-10499.479999999996], size=[260], elements=[161, 198, 91, 60, 233, 355, 348, 219, 41, 322, 61, 183, 29, 53, 179, 210, 224, 276, 2, 168, 206, 345, 343, 241, 81, 123, 234, 175, 252, 166, 384, 80, 87, 8, 328, 27, 313, 223, 192, 327, 84, 333, 326, 36, 330, 319, 186, 31, 305, 21, 349, 117, 315, 182, 133, 23, 283, 201, 69, 164, 82, 73, 250, 318, 118, 377, 263, 33, 302, 359, 93, 243, 17, 177, 347, 115, 151, 238, 265, 147, 92, 157, 86, 383, 49, 353, 301, 64, 244, 95, 288, 148, 68, 197, 235, 292, 299, 209, 309, 296, 279, 121, 22, 71, 329, 364, 230, 145, 199, 340, 257, 9, 79, 125, 97, 174, 181, 39, 213, 335, 354, 237, 351, 307, 163, 289, 285, 89, 141, 90, 99, 267, 58, 311, 46, 303, 362, 26, 188, 300, 254, 200, 215, 146, 59, 371, 67, 385, 334, 47, 208, 78, 339, 70, 18, 32, 122, 232, 236, 386, 271, 388, 40, 229, 113, 261, 171, 320, 124, 112, 373, 346, 317, 398, 11, 114, 249, 379, 331, 378, 268, 65, 203, 48, 52, 350, 51, 291, 110, 5, 130, 96, 280, 196, 390, 180, 352, 185, 258, 357, 395, 137, 228, 387, 107, 28, 7, 321, 167, 158, 20, 152, 24, 297, 298, 397, 370, 391, 325, 262, 176, 216, 138, 212, 222, 35, 131, 105, 259, 72, 120, 366, 62, 191, 129, 63, 275, 281, 101, 103, 111, 205, 247, 15, 155, 132, 143, 153, 358, 150, 98, 169, 246, 190, 269, 363, 316, 392, 396, 16]
maxVal = Solution: cost=[-10499.479999999996], size=[260], elements=[161, 198, 91, 60, 233, 355, 348, 219, 41, 322, 61, 183, 29, 53, 179, 210, 224, 276, 2, 168, 206, 345, 343, 241, 81, 123, 234, 175, 252, 166, 384, 80, 87, 8, 328, 27, 313, 223, 192, 327, 84, 333, 326, 36, 330, 319, 186, 31, 305, 21, 349, 117, 315, 182, 133, 23, 283, 201, 69, 164, 82, 73, 250, 318, 118, 377, 263, 33, 302, 359, 93, 243, 17, 177, 347, 115, 151, 238, 265, 147, 92, 157, 86, 383, 49, 353, 301, 64, 244, 95, 288, 148, 68, 197, 235, 292, 299, 209, 309, 296, 279, 121, 22, 71, 329, 364, 230, 145, 199, 340, 257, 9, 79, 125, 97, 174, 181, 39, 213, 335, 354, 237, 351, 307, 163, 289, 285, 89, 141, 90, 99, 267, 58, 311, 46, 303, 362, 26, 188, 300, 254, 200, 215, 146, 59, 371, 67, 385, 334, 47, 208, 78, 339, 70, 18, 32, 122, 232, 236, 386, 271, 388, 40, 229, 113, 261, 171, 320, 124, 112, 373, 346, 317, 398, 11, 114, 249, 379, 331, 378, 268, 65, 203, 48, 52, 350, 51, 291, 110, 5, 130, 96, 280, 196, 390, 180, 352, 185, 258, 357, 395, 137, 228, 387, 107, 28, 7, 321, 167, 158, 20, 152, 24, 297, 298, 397, 370, 391, 325, 262, 176, 216, 138, 212, 222, 35, 131, 105, 259, 72, 120, 366, 62, 191, 129, 63, 275, 281, 101, 103, 111, 205, 247, 15, 155, 132, 143, 153, 358, 150, 98, 169, 246, 190, 269, 363, 316, 392, 396, 16]
Time = 1968.304 seg
