[DEBUG] instanceFilePath: instances/max_sc_qbf/max_sc_qbf-n_200-k_4.txt
[DEBUG] alpha: 0.05
[DEBUG] numberOfRandomIterations: -1
[DEBUG] isFirstImprovement: false
[DEBUG] isLinearBiasFunction: false
Using the Random Bias Function
(Iter. 0| N ) BestSol = Solution: cost=[-4932.740000000001], size=[139], elements=[88, 18, 99, 173, 137, 9, 191, 198, 188, 163, 115, 58, 82, 135, 77, 167, 117, 2, 69, 17, 74, 30, 152, 0, 89, 100, 70, 64, 44, 139, 127, 118, 91, 121, 155, 130, 28, 78, 53, 104, 92, 171, 94, 112, 7, 57, 73, 126, 98, 113, 85, 133, 150, 120, 190, 55, 81, 31, 97, 40, 196, 194, 47, 147, 140, 21, 71, 3, 192, 5, 177, 109, 119, 29, 146, 110, 36, 170, 153, 33, 39, 11, 144, 15, 90, 184, 195, 25, 166, 27, 59, 138, 102, 10, 180, 65, 56, 54, 67, 158, 165, 80, 156, 185, 197, 42, 23, 178, 20, 35, 19, 103, 63, 124, 4, 181, 49, 174, 149, 45, 93, 13, 186, 151, 76, 86, 116, 162, 161, 95, 16, 129, 79, 12, 72, 141, 154, 199, 169]
(Iter. 1| N ) BestSol = Solution: cost=[-4932.759999999998], size=[139], elements=[40, 10, 102, 97, 196, 55, 156, 47, 190, 170, 138, 178, 78, 31, 195, 121, 88, 94, 58, 13, 2, 171, 11, 179, 119, 112, 194, 197, 133, 25, 56, 180, 23, 152, 74, 104, 7, 64, 126, 165, 80, 116, 21, 89, 35, 3, 90, 184, 139, 154, 30, 183, 147, 59, 29, 27, 150, 91, 85, 127, 36, 100, 44, 166, 117, 109, 185, 110, 71, 65, 49, 19, 158, 82, 57, 76, 17, 181, 124, 175, 81, 115, 113, 140, 137, 173, 73, 177, 163, 141, 39, 70, 198, 192, 77, 18, 153, 9, 45, 99, 60, 191, 28, 43, 118, 135, 42, 151, 129, 12, 120, 167, 33, 14, 67, 149, 155, 93, 4, 79, 0, 101, 69, 86, 162, 20, 53, 188, 103, 130, 174, 199, 95, 92, 5, 16, 54, 96, 98]
(Iter. 2| N ) BestSol = Solution: cost=[-4937.169999999999], size=[139], elements=[69, 90, 2, 74, 63, 124, 54, 150, 81, 31, 25, 186, 184, 80, 133, 113, 156, 103, 94, 15, 21, 10, 97, 110, 102, 163, 89, 40, 169, 44, 88, 58, 18, 196, 166, 152, 181, 70, 77, 153, 137, 116, 78, 180, 121, 53, 104, 64, 158, 149, 100, 67, 11, 59, 3, 82, 30, 5, 135, 71, 0, 28, 147, 118, 91, 126, 39, 140, 177, 120, 65, 127, 167, 85, 115, 197, 119, 49, 170, 141, 9, 151, 29, 139, 109, 117, 185, 112, 57, 55, 33, 194, 173, 73, 178, 19, 76, 190, 36, 4, 93, 198, 165, 56, 99, 45, 138, 12, 42, 191, 155, 17, 23, 47, 98, 130, 195, 35, 188, 13, 86, 16, 146, 92, 171, 192, 95, 79, 20, 27, 183, 144, 129, 162, 154, 7, 14, 174, 199]
(Iter. 6| N ) BestSol = Solution: cost=[-4945.48], size=[142], elements=[88, 60, 18, 99, 9, 191, 137, 188, 173, 198, 163, 115, 58, 82, 135, 77, 0, 28, 2, 74, 69, 152, 118, 92, 139, 17, 155, 100, 117, 30, 127, 70, 78, 94, 171, 121, 130, 91, 73, 57, 53, 64, 120, 133, 113, 27, 44, 7, 112, 35, 31, 98, 11, 85, 16, 126, 150, 49, 29, 36, 56, 194, 97, 55, 196, 40, 89, 183, 190, 170, 147, 25, 104, 195, 174, 19, 102, 138, 13, 165, 178, 119, 47, 197, 93, 23, 109, 110, 154, 71, 3, 4, 192, 81, 129, 140, 39, 177, 180, 21, 5, 10, 153, 33, 151, 101, 156, 15, 185, 179, 54, 65, 90, 166, 76, 63, 45, 67, 103, 184, 144, 59, 181, 95, 80, 72, 158, 167, 116, 162, 86, 12, 42, 149, 14, 96, 20, 124, 199, 175, 141, 79]
maxVal = Solution: cost=[-4945.48], size=[142], elements=[88, 60, 18, 99, 9, 191, 137, 188, 173, 198, 163, 115, 58, 82, 135, 77, 0, 28, 2, 74, 69, 152, 118, 92, 139, 17, 155, 100, 117, 30, 127, 70, 78, 94, 171, 121, 130, 91, 73, 57, 53, 64, 120, 133, 113, 27, 44, 7, 112, 35, 31, 98, 11, 85, 16, 126, 150, 49, 29, 36, 56, 194, 97, 55, 196, 40, 89, 183, 190, 170, 147, 25, 104, 195, 174, 19, 102, 138, 13, 165, 178, 119, 47, 197, 93, 23, 109, 110, 154, 71, 3, 4, 192, 81, 129, 140, 39, 177, 180, 21, 5, 10, 153, 33, 151, 101, 156, 15, 185, 179, 54, 65, 90, 166, 76, 63, 45, 67, 103, 184, 144, 59, 181, 95, 80, 72, 158, 167, 116, 162, 86, 12, 42, 149, 14, 96, 20, 124, 199, 175, 141, 79]
Time = 1805.163 seg
