[DEBUG] instanceFilePath: instances/max_sc_qbf/max_sc_qbf-n_400-k_5.txt
[DEBUG] alpha: 0.05
[DEBUG] numberOfRandomIterations: 200
[DEBUG] isFirstImprovement: false
[DEBUG] isLinearBiasFunction: false
Using the Random Bias Function
(Iter. 0| N ) BestSol = Solution: cost=[-13396.189999999993], size=[263], elements=[51, 389, 219, 267, 120, 384, 288, 201, 314, 274, 238, 167, 369, 18, 317, 198, 394, 312, 192, 50, 313, 397, 158, 80, 240, 193, 53, 371, 327, 124, 34, 326, 213, 343, 187, 130, 329, 133, 112, 233, 31, 308, 183, 311, 203, 228, 75, 322, 284, 277, 184, 19, 289, 283, 62, 20, 40, 102, 93, 90, 141, 235, 355, 61, 367, 151, 302, 59, 154, 266, 387, 134, 333, 361, 169, 45, 176, 175, 275, 58, 145, 52, 205, 132, 344, 15, 103, 350, 131, 316, 144, 74, 39, 293, 47, 157, 383, 138, 323, 70, 81, 392, 126, 261, 65, 353, 285, 35, 22, 146, 396, 345, 281, 69, 182, 362, 195, 230, 222, 301, 76, 6, 85, 247, 210, 190, 271, 173, 150, 307, 99, 309, 248, 200, 356, 107, 24, 171, 305, 83, 255, 381, 181, 139, 298, 29, 244, 239, 358, 287, 117, 23, 214, 88, 264, 111, 89, 376, 243, 246, 168, 215, 7, 14, 197, 395, 237, 142, 199, 341, 163, 338, 211, 4, 121, 194, 241, 310, 251, 143, 149, 77, 116, 263, 8, 55, 91, 337, 348, 11, 92, 94, 68, 72, 352, 259, 135, 165, 260, 125, 0, 64, 386, 390, 332, 262, 44, 63, 226, 306, 32, 354, 166, 351, 245, 118, 380, 279, 13, 225, 373, 108, 28, 179, 357, 360, 140, 208, 218, 73, 330, 256, 325, 221, 278, 382, 227, 25, 41, 229, 234, 320, 38, 191, 231, 375, 349, 2, 335, 346, 374, 188, 318, 270, 122, 212, 1, 370, 292, 96, 100, 42, 21]
(Iter. 2| N ) BestSol = Solution: cost=[-13546.059999999983], size=[262], elements=[274, 176, 233, 18, 88, 371, 94, 263, 154, 92, 288, 377, 2, 317, 396, 210, 212, 241, 80, 257, 194, 167, 135, 7, 109, 34, 190, 201, 45, 248, 85, 58, 8, 354, 41, 281, 69, 98, 76, 230, 25, 352, 146, 141, 23, 181, 298, 52, 362, 99, 171, 240, 275, 384, 316, 111, 38, 333, 343, 133, 228, 145, 132, 200, 192, 293, 44, 326, 205, 337, 358, 285, 3, 124, 322, 219, 235, 138, 72, 158, 193, 31, 29, 347, 183, 195, 305, 62, 182, 163, 214, 243, 142, 306, 247, 341, 334, 64, 262, 128, 121, 0, 239, 329, 266, 345, 103, 151, 379, 15, 127, 260, 19, 394, 246, 376, 91, 17, 259, 198, 389, 360, 361, 100, 279, 203, 42, 47, 307, 356, 312, 81, 112, 102, 283, 24, 50, 125, 173, 256, 302, 22, 13, 313, 284, 55, 287, 338, 28, 20, 187, 139, 381, 332, 327, 271, 59, 70, 383, 82, 51, 261, 65, 74, 380, 314, 373, 93, 4, 6, 90, 168, 323, 387, 134, 267, 117, 277, 130, 61, 367, 1, 89, 184, 348, 188, 255, 234, 369, 199, 344, 165, 14, 107, 53, 397, 391, 386, 249, 108, 215, 39, 179, 308, 218, 254, 375, 35, 75, 355, 131, 40, 227, 150, 115, 278, 292, 264, 169, 335, 77, 68, 282, 73, 225, 197, 301, 244, 330, 245, 258, 122, 43, 71, 315, 21, 237, 144, 395, 350, 222, 208, 349, 311, 83, 318, 251, 289, 12, 79, 120, 143, 84, 96, 270, 238, 310, 229, 223, 136, 370, 226]
maxVal = Solution: cost=[-13546.059999999983], size=[262], elements=[274, 176, 233, 18, 88, 371, 94, 263, 154, 92, 288, 377, 2, 317, 396, 210, 212, 241, 80, 257, 194, 167, 135, 7, 109, 34, 190, 201, 45, 248, 85, 58, 8, 354, 41, 281, 69, 98, 76, 230, 25, 352, 146, 141, 23, 181, 298, 52, 362, 99, 171, 240, 275, 384, 316, 111, 38, 333, 343, 133, 228, 145, 132, 200, 192, 293, 44, 326, 205, 337, 358, 285, 3, 124, 322, 219, 235, 138, 72, 158, 193, 31, 29, 347, 183, 195, 305, 62, 182, 163, 214, 243, 142, 306, 247, 341, 334, 64, 262, 128, 121, 0, 239, 329, 266, 345, 103, 151, 379, 15, 127, 260, 19, 394, 246, 376, 91, 17, 259, 198, 389, 360, 361, 100, 279, 203, 42, 47, 307, 356, 312, 81, 112, 102, 283, 24, 50, 125, 173, 256, 302, 22, 13, 313, 284, 55, 287, 338, 28, 20, 187, 139, 381, 332, 327, 271, 59, 70, 383, 82, 51, 261, 65, 74, 380, 314, 373, 93, 4, 6, 90, 168, 323, 387, 134, 267, 117, 277, 130, 61, 367, 1, 89, 184, 348, 188, 255, 234, 369, 199, 344, 165, 14, 107, 53, 397, 391, 386, 249, 108, 215, 39, 179, 308, 218, 254, 375, 35, 75, 355, 131, 40, 227, 150, 115, 278, 292, 264, 169, 335, 77, 68, 282, 73, 225, 197, 301, 244, 330, 245, 258, 122, 43, 71, 315, 21, 237, 144, 395, 350, 222, 208, 349, 311, 83, 318, 251, 289, 12, 79, 120, 143, 84, 96, 270, 238, 310, 229, 223, 136, 370, 226]
Time = 1903.69 seg
