[DEBUG] instanceFilePath: instances/max_sc_qbf/max_sc_qbf-n_400-k_4.txt
[DEBUG] alpha: 0.05
[DEBUG] numberOfRandomIterations: 200
[DEBUG] isFirstImprovement: false
[DEBUG] isLinearBiasFunction: false
Using the Random Bias Function
(Iter. 0| N ) BestSol = Solution: cost=[-11269.929999999995], size=[253], elements=[151, 16, 112, 225, 43, 386, 259, 162, 214, 51, 193, 109, 76, 83, 57, 111, 160, 35, 184, 288, 66, 255, 334, 351, 129, 119, 21, 80, 232, 167, 253, 4, 145, 41, 19, 257, 50, 105, 226, 312, 142, 372, 399, 316, 120, 338, 30, 77, 200, 146, 279, 156, 94, 213, 27, 393, 149, 42, 198, 127, 266, 68, 8, 301, 221, 240, 196, 360, 91, 340, 254, 292, 298, 396, 56, 236, 106, 48, 74, 123, 280, 333, 323, 72, 67, 382, 258, 63, 134, 6, 251, 85, 278, 128, 379, 114, 311, 294, 303, 345, 230, 104, 275, 222, 343, 20, 92, 310, 138, 208, 243, 36, 290, 234, 95, 47, 205, 161, 103, 344, 139, 118, 364, 113, 23, 52, 99, 25, 158, 107, 75, 154, 62, 100, 39, 389, 168, 395, 322, 349, 212, 270, 348, 87, 282, 210, 262, 53, 117, 276, 339, 96, 34, 328, 356, 116, 260, 293, 26, 197, 268, 201, 307, 353, 375, 207, 121, 194, 246, 308, 284, 178, 69, 374, 102, 245, 391, 169, 11, 29, 318, 163, 58, 217, 361, 203, 98, 195, 352, 44, 147, 392, 191, 175, 314, 283, 1, 309, 366, 33, 320, 355, 204, 0, 5, 269, 60, 327, 263, 335, 285, 143, 295, 17, 65, 88, 188, 347, 172, 125, 153, 122, 336, 165, 337, 15, 273, 93, 371, 342, 238, 180, 367, 287, 211, 281, 224, 126, 192, 331, 202, 148, 28, 390, 315, 55, 215, 152, 302, 54, 248, 24, 341]
(Iter. 1| N ) BestSol = Solution: cost=[-11303.799999999994], size=[258], elements=[349, 102, 352, 399, 303, 334, 98, 391, 44, 25, 8, 214, 340, 39, 146, 128, 167, 251, 107, 134, 298, 67, 63, 280, 99, 33, 159, 111, 382, 274, 169, 23, 301, 106, 360, 161, 52, 42, 53, 212, 278, 333, 240, 258, 196, 348, 35, 76, 184, 275, 338, 6, 129, 41, 77, 139, 100, 68, 117, 29, 327, 344, 236, 290, 158, 222, 27, 232, 74, 156, 118, 163, 145, 112, 210, 392, 312, 4, 323, 58, 92, 270, 374, 143, 114, 375, 95, 122, 56, 200, 253, 83, 79, 316, 213, 127, 341, 243, 255, 20, 393, 208, 119, 59, 195, 345, 19, 85, 147, 320, 66, 162, 372, 36, 279, 339, 60, 160, 47, 351, 234, 245, 51, 396, 221, 151, 131, 343, 172, 292, 307, 72, 91, 109, 254, 121, 364, 104, 103, 138, 230, 310, 395, 197, 116, 203, 87, 50, 204, 308, 309, 283, 284, 10, 314, 194, 201, 69, 21, 154, 260, 367, 80, 57, 220, 269, 257, 263, 353, 88, 266, 386, 188, 322, 356, 193, 16, 43, 207, 293, 30, 259, 34, 262, 379, 273, 0, 5, 389, 94, 246, 17, 11, 225, 105, 96, 295, 285, 337, 361, 26, 321, 191, 75, 276, 93, 120, 168, 1, 336, 125, 282, 178, 217, 113, 268, 371, 153, 355, 342, 281, 238, 294, 62, 149, 180, 318, 328, 224, 288, 300, 48, 287, 142, 331, 211, 185, 15, 110, 165, 198, 61, 130, 55, 192, 366, 311, 202, 205, 248, 148, 315, 84, 73, 28, 233, 164, 358]
(Iter. 3| N ) BestSol = Solution: cost=[-11328.219999999985], size=[256], elements=[114, 349, 364, 303, 399, 12, 328, 121, 260, 280, 68, 330, 228, 391, 44, 172, 39, 41, 24, 283, 180, 302, 8, 221, 333, 72, 201, 6, 102, 151, 309, 111, 129, 117, 234, 51, 214, 147, 258, 340, 25, 77, 99, 344, 243, 278, 301, 270, 146, 213, 128, 273, 210, 311, 138, 335, 119, 282, 316, 232, 367, 58, 27, 298, 52, 161, 139, 184, 169, 240, 382, 332, 345, 143, 154, 153, 323, 279, 73, 122, 255, 272, 33, 66, 23, 103, 191, 259, 168, 53, 148, 355, 167, 393, 336, 202, 310, 95, 20, 57, 248, 292, 91, 193, 334, 294, 379, 4, 85, 56, 76, 338, 195, 275, 251, 145, 197, 50, 67, 47, 118, 208, 253, 173, 281, 230, 348, 43, 63, 100, 238, 374, 222, 261, 212, 171, 112, 390, 320, 36, 236, 224, 21, 313, 285, 263, 339, 178, 35, 372, 194, 353, 312, 386, 105, 245, 116, 162, 269, 19, 318, 74, 198, 257, 123, 30, 246, 34, 16, 343, 254, 62, 276, 356, 389, 104, 331, 127, 295, 142, 149, 126, 287, 211, 28, 395, 207, 231, 360, 0, 337, 361, 200, 42, 55, 60, 347, 296, 314, 375, 106, 134, 327, 262, 158, 98, 163, 120, 87, 174, 204, 203, 17, 88, 11, 26, 377, 40, 94, 288, 48, 188, 266, 113, 342, 284, 156, 308, 54, 89, 226, 109, 152, 218, 217, 274, 181, 215, 92, 10, 190, 359, 175, 69, 165, 293, 75, 125, 396, 192, 196, 322, 205, 341, 160, 5]
(Iter. 4| N ) BestSol = Solution: cost=[-11354.100000000004], size=[259], elements=[114, 349, 399, 364, 352, 121, 328, 260, 373, 280, 330, 68, 228, 179, 41, 24, 39, 206, 44, 231, 8, 117, 201, 283, 333, 221, 72, 214, 25, 302, 391, 102, 6, 210, 309, 143, 172, 340, 393, 267, 77, 213, 128, 147, 100, 51, 245, 129, 274, 261, 240, 258, 99, 243, 146, 278, 251, 151, 119, 335, 316, 184, 36, 169, 343, 299, 367, 273, 16, 232, 332, 377, 131, 202, 161, 73, 347, 301, 167, 193, 375, 200, 145, 106, 91, 338, 255, 254, 20, 361, 298, 104, 4, 181, 279, 76, 208, 323, 197, 212, 382, 195, 122, 103, 191, 345, 47, 66, 57, 389, 111, 67, 270, 87, 230, 154, 60, 194, 50, 246, 275, 236, 118, 348, 234, 318, 17, 112, 134, 53, 310, 138, 74, 168, 395, 339, 372, 95, 23, 334, 33, 392, 222, 158, 163, 282, 139, 63, 162, 58, 218, 27, 203, 10, 56, 34, 52, 311, 35, 30, 313, 43, 175, 160, 88, 281, 292, 285, 263, 353, 276, 28, 295, 55, 257, 148, 269, 127, 22, 296, 241, 344, 320, 126, 105, 324, 337, 178, 355, 120, 180, 390, 188, 379, 171, 176, 266, 21, 85, 386, 0, 336, 62, 262, 156, 3, 130, 152, 315, 116, 314, 312, 32, 294, 366, 165, 215, 1, 287, 149, 238, 80, 233, 207, 142, 48, 89, 75, 306, 288, 284, 125, 42, 226, 11, 360, 327, 153, 65, 342, 192, 13, 82, 196, 204, 98, 205, 190, 211, 356, 135, 359, 248, 259, 166, 12, 69, 341, 225]
maxVal = Solution: cost=[-11354.100000000004], size=[259], elements=[114, 349, 399, 364, 352, 121, 328, 260, 373, 280, 330, 68, 228, 179, 41, 24, 39, 206, 44, 231, 8, 117, 201, 283, 333, 221, 72, 214, 25, 302, 391, 102, 6, 210, 309, 143, 172, 340, 393, 267, 77, 213, 128, 147, 100, 51, 245, 129, 274, 261, 240, 258, 99, 243, 146, 278, 251, 151, 119, 335, 316, 184, 36, 169, 343, 299, 367, 273, 16, 232, 332, 377, 131, 202, 161, 73, 347, 301, 167, 193, 375, 200, 145, 106, 91, 338, 255, 254, 20, 361, 298, 104, 4, 181, 279, 76, 208, 323, 197, 212, 382, 195, 122, 103, 191, 345, 47, 66, 57, 389, 111, 67, 270, 87, 230, 154, 60, 194, 50, 246, 275, 236, 118, 348, 234, 318, 17, 112, 134, 53, 310, 138, 74, 168, 395, 339, 372, 95, 23, 334, 33, 392, 222, 158, 163, 282, 139, 63, 162, 58, 218, 27, 203, 10, 56, 34, 52, 311, 35, 30, 313, 43, 175, 160, 88, 281, 292, 285, 263, 353, 276, 28, 295, 55, 257, 148, 269, 127, 22, 296, 241, 344, 320, 126, 105, 324, 337, 178, 355, 120, 180, 390, 188, 379, 171, 176, 266, 21, 85, 386, 0, 336, 62, 262, 156, 3, 130, 152, 315, 116, 314, 312, 32, 294, 366, 165, 215, 1, 287, 149, 238, 80, 233, 207, 142, 48, 89, 75, 306, 288, 284, 125, 42, 226, 11, 360, 327, 153, 65, 342, 192, 13, 82, 196, 204, 98, 205, 190, 211, 356, 135, 359, 248, 259, 166, 12, 69, 341, 225]
Time = 1885.343 seg
