[DEBUG] instanceFilePath: instances/max_sc_qbf/max_sc_qbf-n_400-k_3.txt
[DEBUG] alpha: 0.05
[DEBUG] numberOfRandomIterations: 200
[DEBUG] isFirstImprovement: false
[DEBUG] isLinearBiasFunction: false
Using the Random Bias Function
(Iter. 0| N ) BestSol = Solution: cost=[-10568.490000000003], size=[261], elements=[379, 322, 45, 131, 31, 91, 155, 385, 348, 203, 26, 8, 236, 192, 212, 40, 206, 97, 333, 28, 349, 268, 125, 9, 197, 80, 364, 343, 355, 29, 291, 175, 313, 288, 362, 27, 69, 23, 315, 186, 241, 71, 398, 252, 378, 185, 341, 106, 164, 21, 311, 224, 81, 2, 198, 62, 176, 397, 121, 157, 113, 60, 300, 90, 267, 120, 70, 5, 307, 84, 174, 340, 248, 265, 327, 318, 133, 215, 114, 22, 73, 65, 82, 118, 17, 210, 68, 189, 41, 289, 145, 89, 99, 116, 115, 371, 152, 257, 283, 303, 201, 353, 36, 219, 243, 276, 235, 223, 238, 285, 234, 320, 301, 49, 64, 328, 95, 18, 122, 182, 345, 168, 33, 232, 381, 78, 263, 147, 151, 339, 167, 79, 280, 67, 292, 181, 377, 130, 177, 335, 163, 384, 209, 261, 146, 250, 158, 359, 124, 39, 137, 93, 237, 271, 373, 302, 179, 86, 388, 92, 299, 296, 347, 11, 141, 48, 32, 87, 329, 319, 309, 249, 199, 208, 247, 51, 112, 392, 350, 46, 200, 395, 331, 52, 180, 213, 117, 228, 222, 96, 317, 387, 156, 205, 230, 110, 233, 391, 166, 275, 390, 297, 270, 20, 383, 24, 346, 305, 258, 138, 35, 72, 314, 59, 149, 63, 369, 196, 330, 7, 281, 101, 171, 103, 244, 105, 47, 161, 370, 132, 269, 143, 148, 254, 61, 150, 169, 259, 191, 183, 188, 351, 190, 216, 308, 357, 323, 298, 246, 195, 202, 0, 83, 53, 358, 204, 363, 325, 98, 396, 108]
(Iter. 4| N ) BestSol = Solution: cost=[-10574.780000000013], size=[262], elements=[38, 97, 398, 67, 355, 11, 394, 177, 121, 230, 164, 369, 311, 20, 303, 335, 261, 289, 347, 93, 280, 2, 291, 5, 343, 90, 68, 395, 318, 198, 243, 205, 182, 174, 113, 206, 385, 81, 328, 330, 86, 252, 175, 158, 373, 186, 378, 232, 383, 96, 70, 223, 95, 302, 345, 148, 270, 115, 181, 213, 120, 235, 299, 267, 60, 359, 41, 137, 362, 307, 21, 130, 327, 125, 65, 353, 201, 371, 141, 271, 71, 377, 349, 84, 257, 209, 292, 199, 9, 156, 51, 283, 82, 64, 285, 384, 31, 8, 234, 36, 263, 192, 145, 147, 296, 18, 348, 12, 301, 208, 99, 133, 73, 26, 17, 210, 248, 339, 305, 29, 258, 320, 59, 333, 313, 22, 315, 224, 48, 390, 33, 80, 49, 197, 150, 23, 117, 87, 276, 364, 92, 40, 114, 219, 249, 357, 179, 122, 329, 268, 27, 112, 322, 250, 236, 228, 237, 168, 300, 180, 146, 69, 91, 323, 238, 340, 288, 118, 185, 387, 297, 215, 151, 346, 388, 39, 89, 124, 152, 163, 350, 246, 32, 200, 83, 317, 167, 176, 331, 309, 78, 212, 28, 222, 72, 47, 24, 110, 391, 149, 370, 35, 62, 63, 171, 281, 52, 79, 319, 101, 103, 196, 233, 161, 105, 116, 381, 166, 132, 254, 325, 61, 143, 155, 157, 45, 53, 54, 169, 392, 183, 244, 106, 202, 188, 190, 0, 216, 241, 298, 259, 351, 269, 203, 314, 341, 247, 358, 397, 189, 363, 396, 46, 265, 379, 131, 195, 191, 7, 374, 56, 58]
maxVal = Solution: cost=[-10574.780000000013], size=[262], elements=[38, 97, 398, 67, 355, 11, 394, 177, 121, 230, 164, 369, 311, 20, 303, 335, 261, 289, 347, 93, 280, 2, 291, 5, 343, 90, 68, 395, 318, 198, 243, 205, 182, 174, 113, 206, 385, 81, 328, 330, 86, 252, 175, 158, 373, 186, 378, 232, 383, 96, 70, 223, 95, 302, 345, 148, 270, 115, 181, 213, 120, 235, 299, 267, 60, 359, 41, 137, 362, 307, 21, 130, 327, 125, 65, 353, 201, 371, 141, 271, 71, 377, 349, 84, 257, 209, 292, 199, 9, 156, 51, 283, 82, 64, 285, 384, 31, 8, 234, 36, 263, 192, 145, 147, 296, 18, 348, 12, 301, 208, 99, 133, 73, 26, 17, 210, 248, 339, 305, 29, 258, 320, 59, 333, 313, 22, 315, 224, 48, 390, 33, 80, 49, 197, 150, 23, 117, 87, 276, 364, 92, 40, 114, 219, 249, 357, 179, 122, 329, 268, 27, 112, 322, 250, 236, 228, 237, 168, 300, 180, 146, 69, 91, 323, 238, 340, 288, 118, 185, 387, 297, 215, 151, 346, 388, 39, 89, 124, 152, 163, 350, 246, 32, 200, 83, 317, 167, 176, 331, 309, 78, 212, 28, 222, 72, 47, 24, 110, 391, 149, 370, 35, 62, 63, 171, 281, 52, 79, 319, 101, 103, 196, 233, 161, 105, 116, 381, 166, 132, 254, 325, 61, 143, 155, 157, 45, 53, 54, 169, 392, 183, 244, 106, 202, 188, 190, 0, 216, 241, 298, 259, 351, 269, 203, 314, 341, 247, 358, 397, 189, 363, 396, 46, 265, 379, 131, 195, 191, 7, 374, 56, 58]
Time = 2034.57 seg
