[DEBUG] instanceFilePath: instances/max_sc_qbf/max_sc_qbf-n_400-k_4.txt
[DEBUG] alpha: 0.05
[DEBUG] numberOfRandomIterations: -1
[DEBUG] isFirstImprovement: false
[DEBUG] isLinearBiasFunction: true
Using the Linear Bias Function
(Iter. 0| N ) BestSol = Solution: cost=[-11383.850000000004], size=[260], elements=[349, 364, 114, 121, 77, 109, 151, 129, 23, 41, 212, 6, 254, 200, 222, 333, 338, 260, 63, 145, 4, 283, 52, 240, 205, 91, 68, 280, 221, 323, 214, 251, 245, 76, 72, 269, 301, 347, 197, 25, 56, 311, 158, 232, 309, 160, 393, 112, 122, 143, 3, 51, 234, 16, 74, 8, 103, 167, 127, 106, 375, 44, 195, 340, 184, 327, 162, 236, 344, 395, 22, 399, 270, 111, 131, 43, 193, 207, 278, 161, 67, 100, 298, 146, 169, 348, 128, 213, 294, 391, 352, 99, 335, 34, 117, 139, 259, 310, 243, 33, 88, 95, 47, 172, 275, 345, 307, 258, 316, 87, 238, 119, 85, 390, 116, 188, 253, 263, 58, 255, 27, 382, 228, 178, 89, 274, 191, 194, 220, 284, 279, 20, 201, 377, 156, 379, 334, 50, 288, 66, 230, 372, 361, 39, 36, 353, 138, 118, 208, 35, 356, 104, 292, 231, 181, 204, 163, 203, 367, 57, 152, 339, 210, 296, 218, 268, 196, 80, 262, 130, 355, 113, 82, 134, 246, 62, 1, 165, 98, 102, 53, 147, 314, 320, 266, 360, 55, 332, 17, 48, 261, 202, 168, 226, 120, 92, 21, 386, 12, 0, 330, 336, 285, 282, 215, 359, 171, 105, 30, 312, 315, 10, 324, 313, 148, 373, 371, 273, 190, 318, 154, 42, 149, 11, 180, 225, 392, 175, 328, 281, 73, 75, 343, 276, 233, 60, 136, 125, 257, 153, 287, 69, 192, 248, 389, 241, 295, 337, 396, 300, 366, 374, 19, 142, 126, 331, 224, 376, 341, 267]
(Iter. 8| N ) BestSol = Solution: cost=[-11423.979999999996], size=[264], elements=[151, 16, 112, 181, 131, 334, 66, 259, 30, 292, 53, 275, 214, 8, 184, 348, 309, 257, 76, 298, 364, 328, 60, 43, 382, 193, 255, 57, 399, 221, 227, 318, 316, 128, 50, 106, 167, 352, 337, 51, 240, 260, 280, 100, 268, 63, 356, 197, 109, 162, 74, 92, 147, 67, 335, 118, 69, 231, 208, 19, 210, 195, 213, 343, 145, 200, 273, 91, 389, 338, 340, 111, 36, 279, 301, 312, 360, 41, 62, 254, 104, 4, 103, 243, 258, 47, 117, 34, 146, 230, 361, 372, 333, 278, 395, 23, 262, 245, 25, 129, 21, 119, 232, 158, 375, 393, 194, 122, 203, 251, 266, 169, 274, 392, 314, 77, 56, 386, 154, 99, 148, 102, 296, 367, 313, 344, 161, 156, 347, 134, 253, 283, 3, 246, 95, 355, 163, 72, 20, 284, 17, 295, 234, 391, 150, 68, 294, 27, 11, 207, 138, 175, 320, 48, 222, 302, 168, 269, 217, 282, 310, 44, 55, 349, 39, 373, 58, 121, 178, 300, 288, 87, 204, 201, 42, 116, 152, 114, 143, 323, 139, 172, 270, 228, 374, 113, 307, 331, 98, 89, 218, 188, 33, 263, 6, 35, 88, 377, 153, 396, 353, 120, 211, 330, 281, 379, 130, 180, 261, 224, 127, 339, 390, 285, 226, 202, 336, 212, 28, 54, 171, 332, 85, 342, 0, 149, 238, 276, 10, 287, 236, 215, 22, 233, 93, 142, 191, 75, 165, 1, 397, 125, 371, 80, 293, 327, 192, 141, 315, 225, 190, 83, 241, 366, 13, 65, 29, 196, 15, 205, 248, 341, 73, 345]
maxVal = Solution: cost=[-11423.979999999996], size=[264], elements=[151, 16, 112, 181, 131, 334, 66, 259, 30, 292, 53, 275, 214, 8, 184, 348, 309, 257, 76, 298, 364, 328, 60, 43, 382, 193, 255, 57, 399, 221, 227, 318, 316, 128, 50, 106, 167, 352, 337, 51, 240, 260, 280, 100, 268, 63, 356, 197, 109, 162, 74, 92, 147, 67, 335, 118, 69, 231, 208, 19, 210, 195, 213, 343, 145, 200, 273, 91, 389, 338, 340, 111, 36, 279, 301, 312, 360, 41, 62, 254, 104, 4, 103, 243, 258, 47, 117, 34, 146, 230, 361, 372, 333, 278, 395, 23, 262, 245, 25, 129, 21, 119, 232, 158, 375, 393, 194, 122, 203, 251, 266, 169, 274, 392, 314, 77, 56, 386, 154, 99, 148, 102, 296, 367, 313, 344, 161, 156, 347, 134, 253, 283, 3, 246, 95, 355, 163, 72, 20, 284, 17, 295, 234, 391, 150, 68, 294, 27, 11, 207, 138, 175, 320, 48, 222, 302, 168, 269, 217, 282, 310, 44, 55, 349, 39, 373, 58, 121, 178, 300, 288, 87, 204, 201, 42, 116, 152, 114, 143, 323, 139, 172, 270, 228, 374, 113, 307, 331, 98, 89, 218, 188, 33, 263, 6, 35, 88, 377, 153, 396, 353, 120, 211, 330, 281, 379, 130, 180, 261, 224, 127, 339, 390, 285, 226, 202, 336, 212, 28, 54, 171, 332, 85, 342, 0, 149, 238, 276, 10, 287, 236, 215, 22, 233, 93, 142, 191, 75, 165, 1, 397, 125, 371, 80, 293, 327, 192, 141, 315, 225, 190, 83, 241, 366, 13, 65, 29, 196, 15, 205, 248, 341, 73, 345]
Time = 1808.759 seg
