[DEBUG] instanceFilePath: instances/max_sc_qbf/max_sc_qbf-n_200-k_3.txt
[DEBUG] alpha: 0.05
[DEBUG] numberOfRandomIterations: -1
[DEBUG] isFirstImprovement: false
[DEBUG] isLinearBiasFunction: true
Using the Linear Bias Function
(Iter. 0| N ) BestSol = Solution: cost=[-3918.9800000000005], size=[143], elements=[17, 127, 5, 70, 119, 55, 43, 192, 169, 137, 76, 7, 162, 40, 135, 81, 29, 89, 197, 161, 116, 173, 90, 66, 125, 49, 159, 24, 172, 18, 120, 166, 64, 39, 167, 33, 96, 189, 21, 58, 128, 170, 180, 14, 107, 10, 6, 146, 99, 86, 68, 186, 114, 12, 147, 91, 184, 165, 113, 163, 46, 34, 56, 154, 117, 63, 9, 121, 16, 37, 171, 187, 79, 175, 139, 102, 15, 132, 32, 115, 19, 122, 181, 155, 108, 112, 195, 57, 126, 0, 183, 151, 145, 110, 124, 71, 185, 156, 149, 83, 31, 94, 133, 35, 61, 53, 72, 8, 144, 131, 199, 51, 48, 75, 36, 194, 190, 52, 78, 22, 1, 143, 25, 65, 191, 73, 74, 177, 87, 101, 13, 106, 148, 67, 168, 109, 179, 54, 23, 176, 198, 152, 196]
(Iter. 1| N ) BestSol = Solution: cost=[-3942.9599999999987], size=[144], elements=[0, 73, 36, 150, 78, 145, 75, 144, 19, 154, 187, 57, 71, 178, 112, 175, 53, 61, 165, 185, 91, 186, 121, 66, 166, 194, 42, 83, 84, 122, 32, 22, 21, 14, 31, 100, 131, 159, 96, 196, 101, 155, 43, 128, 39, 133, 51, 102, 140, 7, 119, 48, 94, 15, 11, 163, 35, 151, 93, 180, 149, 192, 137, 12, 56, 13, 8, 115, 79, 23, 29, 70, 197, 199, 58, 76, 64, 18, 107, 38, 136, 139, 114, 147, 6, 117, 37, 99, 190, 171, 25, 9, 24, 135, 72, 126, 124, 167, 143, 170, 189, 1, 49, 67, 161, 113, 160, 10, 132, 17, 177, 110, 173, 86, 41, 63, 109, 193, 82, 34, 40, 195, 172, 181, 54, 28, 176, 108, 179, 97, 87, 5, 46, 89, 85, 125, 106, 65, 183, 148, 188, 27, 168, 198]
(Iter. 5| N ) BestSol = Solution: cost=[-4027.9199999999996], size=[144], elements=[0, 73, 36, 150, 78, 145, 75, 144, 19, 187, 61, 166, 53, 175, 172, 121, 180, 134, 185, 66, 71, 186, 194, 11, 13, 7, 115, 96, 91, 151, 16, 102, 57, 31, 15, 107, 64, 112, 14, 32, 163, 10, 139, 159, 155, 122, 21, 39, 183, 83, 43, 101, 42, 119, 22, 94, 27, 8, 12, 137, 84, 165, 178, 146, 192, 149, 48, 51, 93, 199, 35, 128, 190, 87, 154, 131, 147, 56, 82, 171, 79, 133, 72, 100, 58, 160, 76, 117, 177, 148, 189, 67, 125, 126, 197, 6, 140, 60, 25, 109, 132, 170, 40, 110, 179, 161, 106, 1, 143, 18, 29, 34, 24, 135, 26, 74, 108, 9, 173, 86, 167, 49, 63, 89, 38, 157, 176, 114, 23, 41, 195, 99, 193, 124, 17, 136, 198, 59, 85, 168, 196, 47, 33, 30]
(Iter. 22| N ) BestSol = Solution: cost=[-4033.780000000001], size=[142], elements=[17, 147, 64, 91, 84, 96, 179, 39, 186, 6, 173, 140, 76, 9, 21, 177, 146, 13, 176, 107, 180, 145, 135, 24, 114, 150, 18, 14, 149, 167, 86, 187, 163, 26, 165, 57, 23, 139, 166, 119, 159, 112, 43, 133, 29, 155, 32, 137, 56, 192, 49, 161, 79, 12, 108, 197, 189, 15, 42, 117, 66, 110, 172, 121, 0, 68, 170, 71, 126, 10, 83, 171, 19, 122, 194, 82, 154, 78, 25, 199, 131, 58, 128, 72, 143, 144, 190, 195, 35, 124, 31, 36, 27, 1, 102, 51, 48, 22, 93, 8, 94, 193, 47, 160, 151, 61, 53, 185, 73, 115, 75, 63, 46, 113, 132, 7, 175, 99, 34, 183, 40, 41, 67, 87, 89, 90, 106, 109, 101, 148, 59, 168, 136, 157, 178, 38, 198, 125, 74, 196, 188, 100]
(Iter. 80| N ) BestSol = Solution: cost=[-4034.720000000002], size=[140], elements=[17, 18, 96, 136, 39, 151, 94, 9, 193, 122, 147, 173, 91, 61, 42, 108, 99, 110, 86, 87, 117, 124, 12, 197, 72, 82, 21, 176, 189, 23, 15, 83, 170, 171, 165, 180, 63, 22, 137, 179, 114, 47, 143, 128, 48, 119, 14, 19, 155, 126, 163, 34, 167, 64, 157, 79, 24, 115, 139, 135, 31, 43, 186, 140, 199, 58, 56, 26, 146, 8, 159, 149, 71, 13, 29, 35, 51, 160, 27, 112, 133, 145, 102, 32, 10, 107, 1, 84, 192, 93, 25, 190, 6, 187, 144, 172, 195, 109, 185, 166, 121, 132, 57, 53, 175, 73, 7, 40, 113, 41, 0, 46, 36, 66, 150, 177, 78, 74, 89, 38, 49, 106, 67, 194, 131, 148, 59, 101, 168, 161, 100, 75, 198, 154, 178, 125, 76, 188, 183, 196]
maxVal = Solution: cost=[-4034.720000000002], size=[140], elements=[17, 18, 96, 136, 39, 151, 94, 9, 193, 122, 147, 173, 91, 61, 42, 108, 99, 110, 86, 87, 117, 124, 12, 197, 72, 82, 21, 176, 189, 23, 15, 83, 170, 171, 165, 180, 63, 22, 137, 179, 114, 47, 143, 128, 48, 119, 14, 19, 155, 126, 163, 34, 167, 64, 157, 79, 24, 115, 139, 135, 31, 43, 186, 140, 199, 58, 56, 26, 146, 8, 159, 149, 71, 13, 29, 35, 51, 160, 27, 112, 133, 145, 102, 32, 10, 107, 1, 84, 192, 93, 25, 190, 6, 187, 144, 172, 195, 109, 185, 166, 121, 132, 57, 53, 175, 73, 7, 40, 113, 41, 0, 46, 36, 66, 150, 177, 78, 74, 89, 38, 49, 106, 67, 194, 131, 148, 59, 101, 168, 161, 100, 75, 198, 154, 178, 125, 76, 188, 183, 196]
Time = 1800.57 seg
