[DEBUG] instanceFilePath: instances/max_sc_qbf/max_sc_qbf-n_400-k_5.txt
[DEBUG] alpha: 0.05
[DEBUG] numberOfRandomIterations: -1
[DEBUG] isFirstImprovement: false
[DEBUG] isLinearBiasFunction: false
Using the Random Bias Function
(Iter. 0| N ) BestSol = Solution: cost=[-13400.350000000006], size=[267], elements=[51, 389, 219, 267, 120, 384, 288, 201, 379, 314, 274, 238, 167, 369, 18, 317, 198, 394, 312, 192, 50, 313, 109, 397, 158, 80, 240, 193, 53, 371, 327, 124, 34, 326, 213, 343, 187, 130, 329, 133, 112, 233, 372, 31, 308, 183, 203, 228, 75, 322, 284, 277, 184, 19, 289, 283, 62, 20, 224, 40, 102, 93, 90, 141, 235, 355, 61, 367, 151, 302, 59, 154, 266, 387, 134, 333, 361, 169, 45, 176, 175, 275, 58, 145, 52, 205, 132, 344, 15, 103, 350, 131, 316, 144, 74, 39, 293, 47, 157, 383, 138, 323, 375, 70, 81, 261, 65, 285, 35, 22, 146, 396, 345, 281, 69, 182, 362, 195, 230, 222, 301, 76, 6, 85, 247, 210, 190, 271, 173, 150, 307, 99, 248, 200, 356, 107, 24, 171, 305, 83, 255, 381, 181, 139, 298, 29, 244, 239, 358, 287, 117, 23, 214, 88, 264, 111, 89, 393, 376, 243, 246, 257, 168, 215, 7, 14, 197, 395, 237, 142, 199, 163, 338, 4, 121, 282, 8, 77, 149, 91, 194, 263, 241, 116, 245, 143, 386, 92, 94, 259, 68, 72, 79, 260, 251, 332, 227, 135, 348, 352, 165, 0, 125, 390, 337, 273, 55, 71, 262, 310, 13, 44, 226, 279, 373, 351, 380, 360, 108, 306, 64, 32, 354, 318, 256, 315, 278, 21, 218, 234, 25, 42, 122, 347, 258, 231, 292, 208, 41, 17, 330, 382, 221, 349, 188, 86, 3, 73, 242, 254, 335, 1, 320, 270, 392, 212, 38, 2, 309, 28, 370, 12, 5, 341, 377, 126, 225]
(Iter. 1| N ) BestSol = Solution: cost=[-13419.589999999998], size=[257], elements=[47, 176, 89, 371, 225, 314, 88, 194, 233, 274, 317, 142, 45, 245, 52, 23, 335, 80, 122, 41, 200, 99, 182, 354, 219, 277, 38, 138, 44, 306, 62, 362, 201, 334, 240, 154, 263, 222, 64, 347, 234, 124, 307, 381, 183, 146, 75, 167, 322, 131, 94, 135, 121, 262, 329, 230, 8, 228, 261, 91, 210, 305, 76, 248, 92, 125, 333, 68, 69, 288, 391, 282, 82, 29, 7, 356, 58, 132, 39, 111, 171, 330, 396, 316, 389, 102, 24, 259, 70, 25, 293, 275, 192, 203, 260, 266, 214, 145, 158, 16, 35, 6, 279, 345, 246, 243, 19, 267, 59, 128, 34, 271, 384, 42, 235, 344, 197, 151, 302, 81, 352, 312, 133, 103, 107, 326, 139, 285, 337, 387, 298, 358, 112, 193, 284, 369, 394, 120, 74, 237, 195, 257, 380, 348, 12, 198, 93, 338, 375, 184, 22, 327, 355, 313, 130, 199, 51, 226, 0, 376, 65, 221, 61, 213, 343, 249, 143, 386, 4, 205, 281, 28, 55, 168, 72, 31, 79, 83, 30, 187, 247, 190, 332, 163, 98, 241, 181, 341, 360, 244, 323, 117, 18, 20, 108, 215, 397, 254, 90, 373, 239, 367, 361, 14, 2, 173, 85, 40, 242, 13, 49, 310, 208, 318, 141, 395, 256, 283, 315, 109, 73, 379, 188, 251, 350, 134, 258, 1, 127, 3, 212, 115, 287, 270, 370, 169, 43, 77, 15, 218, 179, 308, 238, 21, 50, 100, 150, 292, 377, 255, 278, 264, 53, 383, 144, 175, 378]
(Iter. 2| N ) BestSol = Solution: cost=[-13457.849999999999], size=[257], elements=[233, 167, 154, 263, 99, 201, 240, 225, 293, 230, 19, 135, 262, 75, 205, 396, 142, 274, 59, 192, 384, 312, 369, 313, 314, 394, 76, 93, 109, 288, 267, 210, 275, 343, 193, 198, 333, 317, 38, 387, 111, 397, 284, 176, 237, 243, 133, 181, 184, 318, 80, 257, 72, 235, 219, 158, 12, 355, 130, 51, 61, 241, 298, 127, 329, 277, 182, 7, 323, 6, 62, 150, 151, 124, 326, 361, 367, 45, 18, 371, 58, 132, 138, 194, 195, 165, 345, 23, 83, 190, 260, 117, 183, 69, 31, 173, 64, 102, 54, 90, 168, 52, 3, 139, 327, 391, 316, 305, 24, 349, 74, 91, 107, 354, 322, 341, 34, 163, 29, 171, 96, 44, 200, 376, 32, 4, 266, 88, 258, 389, 334, 352, 337, 94, 301, 381, 215, 246, 239, 228, 348, 85, 187, 256, 302, 380, 35, 121, 8, 285, 362, 208, 330, 283, 103, 122, 13, 71, 118, 287, 92, 214, 358, 279, 248, 212, 70, 128, 351, 115, 146, 306, 234, 261, 271, 307, 199, 281, 189, 203, 125, 39, 386, 55, 131, 308, 47, 20, 41, 320, 40, 141, 145, 179, 360, 123, 227, 28, 338, 390, 229, 292, 166, 22, 65, 245, 310, 373, 255, 244, 197, 344, 73, 149, 311, 17, 108, 81, 112, 332, 379, 89, 395, 300, 14, 68, 0, 350, 134, 2, 1, 43, 282, 247, 169, 188, 126, 383, 77, 251, 309, 374, 21, 46, 270, 377, 15, 278, 50, 238, 25, 218, 144, 53, 100, 370, 289]
(Iter. 3| N ) BestSol = Solution: cost=[-13489.190000000002], size=[259], elements=[233, 167, 154, 201, 99, 263, 293, 225, 240, 230, 94, 274, 394, 127, 135, 384, 176, 305, 235, 81, 75, 396, 192, 19, 241, 210, 184, 317, 313, 275, 76, 64, 149, 322, 182, 190, 142, 266, 243, 219, 124, 80, 170, 326, 333, 45, 52, 6, 158, 34, 62, 200, 131, 277, 77, 193, 23, 88, 183, 361, 166, 5, 74, 157, 348, 44, 258, 133, 104, 85, 198, 93, 329, 345, 379, 362, 191, 307, 0, 65, 256, 298, 205, 306, 288, 31, 138, 69, 171, 247, 163, 314, 271, 194, 121, 139, 260, 246, 199, 262, 25, 390, 146, 279, 145, 128, 28, 332, 151, 82, 168, 195, 354, 91, 381, 3, 51, 316, 4, 373, 338, 343, 341, 90, 214, 7, 323, 58, 8, 261, 20, 118, 181, 172, 132, 72, 239, 327, 54, 389, 259, 351, 117, 102, 92, 125, 244, 41, 103, 387, 109, 18, 213, 70, 13, 371, 55, 386, 312, 187, 203, 47, 130, 383, 134, 328, 310, 22, 367, 73, 24, 221, 215, 83, 38, 302, 358, 287, 112, 227, 355, 285, 284, 376, 35, 356, 245, 228, 360, 283, 40, 165, 29, 15, 248, 152, 234, 14, 46, 126, 1, 144, 352, 380, 226, 337, 141, 39, 308, 289, 2, 173, 382, 395, 300, 111, 89, 320, 122, 336, 108, 267, 60, 315, 116, 301, 330, 350, 397, 68, 188, 189, 179, 107, 150, 349, 96, 324, 17, 155, 32, 309, 286, 204, 37, 297, 21, 251, 208, 229, 218, 374, 115, 270, 238, 211, 325, 43, 370]
maxVal = Solution: cost=[-13489.190000000002], size=[259], elements=[233, 167, 154, 201, 99, 263, 293, 225, 240, 230, 94, 274, 394, 127, 135, 384, 176, 305, 235, 81, 75, 396, 192, 19, 241, 210, 184, 317, 313, 275, 76, 64, 149, 322, 182, 190, 142, 266, 243, 219, 124, 80, 170, 326, 333, 45, 52, 6, 158, 34, 62, 200, 131, 277, 77, 193, 23, 88, 183, 361, 166, 5, 74, 157, 348, 44, 258, 133, 104, 85, 198, 93, 329, 345, 379, 362, 191, 307, 0, 65, 256, 298, 205, 306, 288, 31, 138, 69, 171, 247, 163, 314, 271, 194, 121, 139, 260, 246, 199, 262, 25, 390, 146, 279, 145, 128, 28, 332, 151, 82, 168, 195, 354, 91, 381, 3, 51, 316, 4, 373, 338, 343, 341, 90, 214, 7, 323, 58, 8, 261, 20, 118, 181, 172, 132, 72, 239, 327, 54, 389, 259, 351, 117, 102, 92, 125, 244, 41, 103, 387, 109, 18, 213, 70, 13, 371, 55, 386, 312, 187, 203, 47, 130, 383, 134, 328, 310, 22, 367, 73, 24, 221, 215, 83, 38, 302, 358, 287, 112, 227, 355, 285, 284, 376, 35, 356, 245, 228, 360, 283, 40, 165, 29, 15, 248, 152, 234, 14, 46, 126, 1, 144, 352, 380, 226, 337, 141, 39, 308, 289, 2, 173, 382, 395, 300, 111, 89, 320, 122, 336, 108, 267, 60, 315, 116, 301, 330, 350, 397, 68, 188, 189, 179, 107, 150, 349, 96, 324, 17, 155, 32, 309, 286, 204, 37, 297, 21, 251, 208, 229, 218, 374, 115, 270, 238, 211, 325, 43, 370]
Time = 1891.143 seg
