[DEBUG] instanceFilePath: instances/max_sc_qbf/max_sc_qbf-n_200-k_3.txt
[DEBUG] alpha: 0.05
[DEBUG] numberOfRandomIterations: -1
[DEBUG] isFirstImprovement: false
[DEBUG] isLinearBiasFunction: false
Using the Random Bias Function
(Iter. 0| N ) BestSol = Solution: cost=[-3937.4700000000003], size=[144], elements=[17, 18, 150, 117, 154, 147, 5, 35, 197, 124, 21, 162, 135, 40, 173, 71, 186, 86, 126, 24, 110, 165, 194, 14, 19, 163, 107, 57, 6, 187, 139, 112, 119, 192, 61, 84, 89, 29, 137, 43, 32, 155, 151, 79, 23, 145, 75, 48, 15, 115, 63, 96, 189, 144, 171, 181, 159, 149, 83, 34, 31, 172, 108, 91, 133, 39, 122, 10, 180, 33, 9, 102, 166, 128, 64, 58, 167, 49, 195, 190, 121, 66, 176, 114, 12, 56, 99, 170, 46, 51, 185, 0, 175, 72, 53, 70, 94, 132, 28, 37, 93, 22, 113, 36, 73, 8, 143, 1, 193, 160, 38, 85, 80, 42, 127, 140, 7, 25, 183, 41, 177, 199, 97, 78, 87, 101, 106, 148, 168, 59, 131, 109, 11, 13, 81, 161, 76, 67, 136, 26, 146, 179, 198, 196]
(Iter. 1| N ) BestSol = Solution: cost=[-4027.9199999999996], size=[144], elements=[0, 73, 36, 150, 145, 78, 75, 144, 187, 19, 57, 178, 71, 112, 175, 53, 165, 18, 172, 166, 61, 185, 121, 186, 91, 21, 115, 140, 84, 100, 147, 14, 96, 122, 128, 159, 66, 22, 117, 107, 102, 31, 194, 32, 56, 16, 131, 58, 199, 39, 6, 64, 114, 190, 163, 180, 13, 192, 12, 179, 149, 119, 7, 42, 155, 101, 183, 83, 15, 27, 51, 10, 63, 167, 48, 93, 189, 137, 25, 126, 157, 170, 24, 146, 35, 139, 79, 171, 151, 9, 86, 94, 8, 67, 82, 109, 136, 133, 161, 110, 106, 197, 43, 38, 124, 1, 143, 72, 60, 59, 160, 148, 168, 125, 33, 173, 135, 29, 11, 108, 26, 34, 176, 49, 41, 40, 76, 134, 195, 132, 154, 177, 74, 87, 89, 23, 99, 198, 193, 85, 17, 30, 47, 196]
(Iter. 6| N ) BestSol = Solution: cost=[-4033.780000000001], size=[142], elements=[145, 36, 0, 66, 94, 187, 78, 150, 19, 71, 18, 53, 199, 43, 144, 83, 175, 35, 12, 75, 46, 106, 117, 42, 48, 189, 172, 93, 10, 155, 137, 38, 195, 159, 73, 128, 119, 194, 107, 96, 15, 180, 7, 121, 132, 64, 114, 185, 91, 140, 51, 102, 22, 112, 186, 165, 56, 39, 122, 57, 32, 84, 61, 14, 163, 21, 160, 58, 23, 79, 149, 166, 115, 29, 89, 193, 9, 177, 49, 24, 63, 139, 133, 113, 147, 86, 17, 90, 170, 143, 173, 110, 197, 99, 176, 198, 47, 171, 151, 126, 31, 131, 59, 72, 190, 135, 124, 146, 167, 26, 1, 34, 6, 8, 27, 25, 40, 41, 67, 74, 108, 87, 148, 168, 179, 161, 13, 109, 154, 101, 192, 196, 82, 68, 178, 76, 136, 157, 125, 100, 188, 183]
(Iter. 31| N ) BestSol = Solution: cost=[-4034.720000000002], size=[140], elements=[0, 73, 36, 150, 78, 145, 75, 144, 187, 19, 57, 154, 178, 71, 112, 195, 107, 18, 199, 46, 172, 121, 66, 185, 91, 186, 194, 165, 61, 84, 175, 159, 64, 166, 140, 96, 128, 7, 21, 102, 14, 122, 115, 56, 180, 12, 125, 22, 119, 177, 48, 6, 58, 117, 114, 163, 42, 149, 51, 131, 192, 72, 94, 15, 183, 151, 126, 155, 35, 147, 197, 190, 146, 189, 137, 83, 8, 43, 32, 139, 79, 101, 13, 67, 143, 148, 1, 59, 161, 106, 109, 49, 133, 160, 110, 24, 31, 176, 63, 193, 10, 86, 41, 198, 9, 173, 34, 39, 23, 27, 25, 93, 113, 167, 170, 132, 17, 29, 40, 53, 74, 179, 108, 87, 89, 99, 47, 135, 171, 82, 124, 26, 188, 157, 168, 136, 76, 100, 38, 196]
maxVal = Solution: cost=[-4034.720000000002], size=[140], elements=[0, 73, 36, 150, 78, 145, 75, 144, 187, 19, 57, 154, 178, 71, 112, 195, 107, 18, 199, 46, 172, 121, 66, 185, 91, 186, 194, 165, 61, 84, 175, 159, 64, 166, 140, 96, 128, 7, 21, 102, 14, 122, 115, 56, 180, 12, 125, 22, 119, 177, 48, 6, 58, 117, 114, 163, 42, 149, 51, 131, 192, 72, 94, 15, 183, 151, 126, 155, 35, 147, 197, 190, 146, 189, 137, 83, 8, 43, 32, 139, 79, 101, 13, 67, 143, 148, 1, 59, 161, 106, 109, 49, 133, 160, 110, 24, 31, 176, 63, 193, 10, 86, 41, 198, 9, 173, 34, 39, 23, 27, 25, 93, 113, 167, 170, 132, 17, 29, 40, 53, 74, 179, 108, 87, 89, 99, 47, 135, 171, 82, 124, 26, 188, 157, 168, 136, 76, 100, 38, 196]
Time = 1800.055 seg
