[DEBUG] instanceFilePath: instances/max_sc_qbf/max_sc_qbf-n_400-k_4.txt
[DEBUG] alpha: 0.05
[DEBUG] numberOfRandomIterations: -1
[DEBUG] isFirstImprovement: false
[DEBUG] isLinearBiasFunction: false
Using the Random Bias Function
(Iter. 0| N ) BestSol = Solution: cost=[-11269.929999999995], size=[253], elements=[151, 16, 112, 225, 43, 386, 259, 162, 214, 51, 193, 109, 76, 83, 57, 111, 160, 35, 184, 288, 66, 255, 334, 351, 129, 119, 21, 80, 232, 167, 253, 4, 145, 41, 19, 257, 50, 105, 226, 312, 142, 372, 399, 316, 120, 338, 30, 77, 200, 146, 279, 156, 94, 213, 27, 393, 149, 42, 198, 127, 266, 68, 8, 301, 221, 240, 196, 360, 91, 340, 254, 292, 298, 396, 56, 236, 106, 48, 74, 123, 280, 333, 323, 72, 67, 382, 258, 63, 134, 6, 251, 85, 278, 128, 379, 114, 311, 294, 303, 345, 230, 104, 275, 222, 343, 20, 92, 310, 138, 208, 243, 36, 290, 234, 95, 47, 205, 161, 103, 344, 139, 118, 364, 113, 23, 52, 99, 25, 158, 107, 75, 154, 62, 100, 39, 389, 168, 395, 322, 349, 212, 270, 348, 87, 282, 210, 262, 53, 117, 276, 339, 96, 34, 328, 356, 116, 260, 293, 26, 197, 268, 201, 307, 353, 375, 207, 121, 194, 246, 308, 284, 178, 69, 374, 102, 245, 391, 169, 11, 29, 318, 163, 58, 217, 361, 203, 98, 195, 352, 44, 147, 392, 191, 175, 314, 283, 1, 309, 366, 33, 320, 355, 204, 0, 5, 269, 60, 327, 263, 335, 285, 143, 295, 17, 65, 88, 188, 347, 172, 125, 153, 122, 336, 165, 337, 15, 273, 93, 371, 342, 238, 180, 367, 287, 211, 281, 224, 126, 192, 331, 202, 148, 28, 390, 315, 55, 215, 152, 302, 54, 248, 24, 341]
(Iter. 1| N ) BestSol = Solution: cost=[-11271.270000000002], size=[262], elements=[349, 102, 352, 399, 303, 334, 98, 391, 44, 25, 8, 214, 340, 39, 146, 128, 167, 251, 107, 134, 298, 67, 63, 280, 99, 33, 111, 382, 274, 169, 23, 301, 106, 161, 52, 42, 53, 212, 278, 333, 240, 258, 196, 228, 348, 35, 76, 184, 275, 338, 6, 129, 41, 77, 139, 100, 68, 29, 327, 344, 236, 158, 3, 222, 27, 232, 74, 156, 118, 163, 145, 112, 210, 392, 312, 4, 323, 58, 270, 143, 114, 375, 95, 122, 56, 200, 253, 83, 79, 15, 213, 127, 341, 243, 255, 20, 393, 208, 119, 195, 345, 19, 85, 147, 320, 130, 66, 162, 372, 279, 339, 60, 160, 47, 234, 245, 51, 396, 221, 151, 131, 343, 172, 292, 307, 181, 72, 91, 398, 109, 254, 311, 121, 364, 104, 103, 138, 230, 179, 395, 197, 116, 296, 203, 87, 50, 204, 55, 309, 283, 284, 10, 219, 314, 194, 201, 69, 21, 154, 260, 367, 80, 57, 269, 141, 257, 191, 263, 353, 88, 266, 188, 386, 322, 335, 43, 16, 193, 287, 207, 262, 379, 30, 105, 218, 377, 17, 332, 324, 176, 268, 321, 178, 166, 92, 113, 0, 285, 330, 144, 315, 336, 310, 237, 149, 276, 390, 241, 389, 117, 40, 93, 168, 1, 293, 366, 215, 337, 295, 233, 202, 282, 142, 302, 34, 246, 75, 125, 165, 62, 342, 238, 171, 211, 180, 358, 217, 290, 153, 388, 192, 120, 261, 48, 380, 281, 159, 288, 300, 101, 205, 248, 164, 259, 96, 356, 360, 84, 11, 94, 351, 318]
(Iter. 2| N ) BestSol = Solution: cost=[-11307.789999999999], size=[260], elements=[295, 27, 63, 92, 371, 111, 148, 207, 240, 96, 142, 268, 293, 197, 39, 196, 17, 94, 279, 146, 99, 154, 34, 0, 337, 283, 340, 194, 8, 104, 391, 193, 54, 214, 51, 178, 203, 309, 62, 246, 298, 42, 102, 77, 100, 30, 201, 395, 169, 344, 190, 366, 261, 141, 292, 25, 382, 204, 127, 213, 60, 149, 221, 301, 65, 64, 50, 314, 273, 151, 145, 4, 253, 338, 367, 134, 48, 258, 210, 343, 23, 161, 19, 41, 356, 335, 333, 260, 360, 6, 312, 10, 280, 399, 91, 75, 272, 150, 316, 152, 254, 284, 278, 392, 363, 58, 1, 72, 355, 85, 347, 68, 163, 238, 296, 303, 143, 117, 389, 230, 310, 200, 211, 95, 67, 87, 167, 320, 275, 66, 76, 128, 349, 57, 364, 147, 119, 24, 339, 129, 118, 318, 328, 191, 53, 270, 138, 243, 33, 345, 173, 103, 234, 122, 222, 74, 28, 393, 285, 348, 372, 281, 168, 20, 139, 55, 224, 208, 47, 184, 195, 98, 232, 255, 212, 263, 106, 323, 165, 262, 158, 282, 294, 342, 188, 336, 390, 109, 73, 266, 110, 174, 236, 375, 245, 29, 116, 237, 327, 288, 180, 359, 215, 287, 379, 341, 11, 16, 26, 259, 120, 374, 290, 198, 112, 331, 217, 126, 69, 322, 225, 269, 352, 43, 44, 231, 175, 56, 315, 251, 5, 36, 386, 361, 61, 52, 239, 302, 308, 276, 88, 162, 114, 218, 156, 125, 226, 80, 396, 306, 353, 153, 192, 244, 202, 90, 205, 334, 248, 160]
(Iter. 3| N ) BestSol = Solution: cost=[-11322.110000000006], size=[268], elements=[114, 379, 3, 296, 27, 143, 231, 202, 122, 43, 127, 270, 278, 311, 323, 269, 106, 212, 88, 298, 56, 52, 22, 121, 263, 129, 272, 154, 161, 134, 23, 303, 349, 141, 290, 95, 35, 280, 139, 67, 236, 83, 33, 99, 234, 275, 352, 345, 53, 58, 191, 39, 178, 103, 167, 232, 112, 222, 77, 148, 313, 283, 347, 135, 76, 333, 393, 301, 68, 63, 395, 100, 213, 320, 146, 162, 41, 145, 66, 197, 163, 282, 158, 214, 340, 254, 128, 200, 377, 240, 210, 258, 310, 25, 399, 382, 118, 391, 102, 344, 172, 348, 91, 169, 309, 193, 228, 338, 104, 184, 292, 151, 273, 20, 364, 8, 243, 179, 255, 72, 332, 201, 279, 44, 375, 116, 50, 4, 194, 195, 367, 12, 330, 208, 119, 294, 343, 87, 62, 75, 111, 34, 221, 92, 295, 117, 339, 246, 281, 138, 6, 207, 389, 245, 285, 314, 260, 47, 373, 51, 372, 74, 353, 16, 390, 356, 36, 203, 312, 28, 1, 360, 120, 259, 147, 336, 168, 113, 156, 276, 262, 21, 190, 80, 233, 142, 85, 98, 171, 0, 10, 274, 371, 131, 181, 315, 386, 318, 42, 355, 266, 218, 361, 217, 57, 224, 69, 11, 17, 293, 284, 241, 149, 60, 253, 55, 392, 30, 342, 225, 268, 366, 79, 230, 125, 307, 188, 109, 328, 180, 73, 374, 261, 287, 126, 331, 316, 152, 335, 89, 54, 334, 226, 288, 175, 204, 26, 267, 174, 327, 257, 397, 150, 153, 211, 238, 13, 192, 160, 96, 196, 205, 248, 251, 337, 93, 341, 215]
(Iter. 7| N ) BestSol = Solution: cost=[-11324.380000000003], size=[260], elements=[144, 92, 127, 58, 51, 15, 266, 111, 288, 180, 178, 17, 283, 120, 292, 298, 88, 197, 398, 93, 309, 72, 104, 48, 76, 261, 382, 214, 213, 196, 344, 337, 176, 257, 395, 275, 396, 35, 380, 99, 100, 77, 23, 161, 246, 151, 112, 280, 215, 258, 338, 181, 203, 145, 348, 211, 184, 255, 342, 87, 367, 327, 167, 340, 279, 42, 301, 169, 278, 232, 129, 146, 343, 39, 240, 109, 236, 41, 134, 91, 399, 393, 57, 149, 243, 4, 119, 19, 75, 303, 315, 164, 281, 191, 67, 237, 6, 335, 253, 345, 106, 336, 50, 128, 194, 316, 66, 3, 234, 392, 62, 139, 171, 158, 141, 339, 27, 166, 85, 379, 296, 188, 154, 323, 356, 10, 95, 165, 391, 105, 230, 364, 310, 56, 389, 210, 107, 221, 268, 222, 103, 43, 32, 172, 55, 21, 193, 0, 204, 168, 284, 314, 311, 121, 163, 63, 377, 20, 113, 386, 156, 114, 274, 79, 40, 30, 122, 259, 68, 358, 162, 349, 251, 254, 355, 118, 282, 195, 29, 34, 117, 138, 74, 47, 8, 390, 295, 83, 233, 207, 208, 200, 262, 320, 130, 321, 372, 245, 25, 287, 116, 16, 353, 375, 307, 33, 330, 131, 53, 179, 341, 263, 352, 102, 98, 270, 60, 300, 143, 1, 147, 312, 276, 212, 80, 228, 69, 260, 269, 94, 293, 285, 201, 333, 142, 218, 44, 125, 153, 351, 238, 160, 334, 294, 322, 226, 318, 148, 328, 192, 202, 205, 248, 371, 366, 65, 96, 388, 49, 360]
maxVal = Solution: cost=[-11324.380000000003], size=[260], elements=[144, 92, 127, 58, 51, 15, 266, 111, 288, 180, 178, 17, 283, 120, 292, 298, 88, 197, 398, 93, 309, 72, 104, 48, 76, 261, 382, 214, 213, 196, 344, 337, 176, 257, 395, 275, 396, 35, 380, 99, 100, 77, 23, 161, 246, 151, 112, 280, 215, 258, 338, 181, 203, 145, 348, 211, 184, 255, 342, 87, 367, 327, 167, 340, 279, 42, 301, 169, 278, 232, 129, 146, 343, 39, 240, 109, 236, 41, 134, 91, 399, 393, 57, 149, 243, 4, 119, 19, 75, 303, 315, 164, 281, 191, 67, 237, 6, 335, 253, 345, 106, 336, 50, 128, 194, 316, 66, 3, 234, 392, 62, 139, 171, 158, 141, 339, 27, 166, 85, 379, 296, 188, 154, 323, 356, 10, 95, 165, 391, 105, 230, 364, 310, 56, 389, 210, 107, 221, 268, 222, 103, 43, 32, 172, 55, 21, 193, 0, 204, 168, 284, 314, 311, 121, 163, 63, 377, 20, 113, 386, 156, 114, 274, 79, 40, 30, 122, 259, 68, 358, 162, 349, 251, 254, 355, 118, 282, 195, 29, 34, 117, 138, 74, 47, 8, 390, 295, 83, 233, 207, 208, 200, 262, 320, 130, 321, 372, 245, 25, 287, 116, 16, 353, 375, 307, 33, 330, 131, 53, 179, 341, 263, 352, 102, 98, 270, 60, 300, 143, 1, 147, 312, 276, 212, 80, 228, 69, 260, 269, 94, 293, 285, 201, 333, 142, 218, 44, 125, 153, 351, 238, 160, 334, 294, 322, 226, 318, 148, 328, 192, 202, 205, 248, 371, 366, 65, 96, 388, 49, 360]
Time = 1841.285 seg
