[DEBUG] instanceFilePath: instances/max_sc_qbf/max_sc_qbf-n_200-k_5.txt
[DEBUG] alpha: 0.05
[DEBUG] numberOfRandomIterations: -1
[DEBUG] isFirstImprovement: false
[DEBUG] isLinearBiasFunction: false
Using the Random Bias Function
(Iter. 0| N ) BestSol = Solution: cost=[-4575.479999999998], size=[128], elements=[4, 79, 56, 80, 23, 51, 181, 142, 176, 197, 131, 84, 32, 64, 171, 143, 184, 173, 66, 3, 41, 107, 137, 47, 91, 169, 45, 112, 1, 46, 106, 105, 174, 108, 57, 194, 150, 89, 20, 94, 61, 146, 24, 158, 164, 53, 8, 126, 135, 129, 90, 130, 15, 102, 133, 189, 147, 155, 81, 82, 198, 2, 54, 19, 116, 183, 27, 134, 157, 151, 191, 190, 128, 13, 33, 18, 101, 26, 118, 60, 162, 160, 5, 92, 67, 98, 12, 186, 16, 75, 40, 93, 138, 21, 149, 139, 199, 43, 70, 14, 196, 141, 127, 165, 85, 96, 178, 117, 192, 39, 37, 152, 123, 65, 44, 74, 10, 172, 185, 17, 140, 159, 55, 22, 154, 179, 119, 132]
(Iter. 1| N ) BestSol = Solution: cost=[-4635.799999999998], size=[126], elements=[184, 84, 1, 106, 51, 46, 105, 143, 27, 64, 45, 57, 92, 158, 67, 150, 157, 183, 13, 129, 44, 20, 26, 12, 162, 176, 24, 61, 131, 142, 134, 32, 80, 2, 169, 197, 173, 41, 53, 194, 101, 3, 155, 146, 189, 116, 108, 164, 19, 118, 91, 40, 126, 93, 174, 123, 54, 186, 94, 15, 79, 149, 75, 18, 151, 90, 89, 152, 199, 138, 82, 191, 128, 5, 43, 70, 196, 171, 112, 190, 50, 23, 181, 137, 60, 33, 21, 14, 107, 141, 127, 81, 192, 8, 37, 165, 56, 185, 160, 85, 16, 39, 172, 65, 98, 17, 140, 117, 4, 154, 55, 47, 159, 58, 22, 66, 86, 161, 166, 119, 11, 109, 114, 132, 180, 178]
(Iter. 19| N ) BestSol = Solution: cost=[-4650.52], size=[124], elements=[162, 190, 23, 103, 13, 18, 199, 66, 89, 196, 60, 104, 5, 107, 20, 128, 94, 70, 192, 129, 160, 91, 82, 171, 186, 126, 83, 184, 150, 55, 105, 37, 95, 67, 75, 157, 15, 194, 146, 158, 2, 79, 165, 56, 189, 174, 27, 101, 106, 64, 51, 164, 108, 98, 46, 169, 39, 143, 61, 142, 45, 24, 131, 1, 26, 183, 53, 84, 44, 32, 151, 197, 85, 118, 41, 176, 12, 148, 173, 191, 138, 19, 181, 81, 16, 155, 33, 40, 141, 120, 93, 123, 127, 185, 112, 14, 86, 166, 3, 8, 43, 109, 50, 10, 22, 47, 152, 170, 11, 117, 17, 154, 92, 65, 140, 42, 119, 161, 132, 72, 121, 172, 198, 178]
(Iter. 79| N ) BestSol = Solution: cost=[-4651.460000000001], size=[129], elements=[50, 123, 17, 162, 127, 165, 92, 151, 152, 37, 14, 119, 105, 70, 15, 148, 138, 79, 1, 106, 2, 158, 60, 46, 170, 44, 19, 108, 118, 172, 101, 146, 32, 94, 126, 65, 64, 84, 53, 143, 164, 51, 184, 39, 93, 85, 54, 194, 74, 186, 112, 185, 20, 129, 116, 40, 27, 155, 183, 21, 45, 61, 5, 199, 117, 191, 141, 197, 130, 173, 13, 89, 136, 24, 41, 67, 3, 90, 174, 154, 181, 91, 43, 176, 109, 81, 16, 8, 160, 169, 75, 4, 131, 26, 110, 59, 142, 98, 189, 58, 57, 134, 149, 168, 82, 150, 192, 86, 18, 177, 135, 157, 196, 139, 97, 56, 23, 144, 128, 190, 140, 107, 33, 55, 47, 166, 114, 132, 80]
maxVal = Solution: cost=[-4651.460000000001], size=[129], elements=[50, 123, 17, 162, 127, 165, 92, 151, 152, 37, 14, 119, 105, 70, 15, 148, 138, 79, 1, 106, 2, 158, 60, 46, 170, 44, 19, 108, 118, 172, 101, 146, 32, 94, 126, 65, 64, 84, 53, 143, 164, 51, 184, 39, 93, 85, 54, 194, 74, 186, 112, 185, 20, 129, 116, 40, 27, 155, 183, 21, 45, 61, 5, 199, 117, 191, 141, 197, 130, 173, 13, 89, 136, 24, 41, 67, 3, 90, 174, 154, 181, 91, 43, 176, 109, 81, 16, 8, 160, 169, 75, 4, 131, 26, 110, 59, 142, 98, 189, 58, 57, 134, 149, 168, 82, 150, 192, 86, 18, 177, 135, 157, 196, 139, 97, 56, 23, 144, 128, 190, 140, 107, 33, 55, 47, 166, 114, 132, 80]
Time = 1802.323 seg
