[DEBUG] instanceFilePath: instances/max_sc_qbf/max_sc_qbf-n_100-k_3.txt
[DEBUG] alpha: 0.05
[DEBUG] numberOfRandomIterations: -1
[DEBUG] isFirstImprovement: false
[DEBUG] isLinearBiasFunction: false
Using the Random Bias Function
(Iter. 0| N ) BestSol = Solution: cost=[-1541.6799999999994], size=[68], elements=[74, 54, 81, 99, 35, 87, 14, 86, 66, 12, 62, 61, 59, 48, 55, 25, 5, 22, 57, 69, 6, 83, 13, 37, 84, 32, 79, 94, 7, 72, 76, 95, 24, 88, 91, 20, 42, 17, 90, 67, 23, 3, 27, 19, 58, 97, 31, 43, 45, 2, 50, 51, 16, 64, 78, 11, 4, 98, 9, 77, 93, 36, 92, 39, 82, 38, 85, 70]
(Iter. 1| N ) BestSol = Solution: cost=[-1556.5999999999997], size=[68], elements=[48, 66, 88, 58, 25, 24, 12, 72, 90, 31, 91, 97, 69, 61, 14, 81, 83, 96, 87, 86, 99, 74, 13, 5, 54, 84, 62, 37, 45, 41, 59, 55, 22, 6, 32, 43, 57, 79, 2, 78, 23, 17, 94, 67, 64, 76, 42, 95, 7, 35, 3, 36, 20, 50, 51, 10, 93, 4, 9, 27, 98, 39, 16, 77, 11, 82, 85, 0]
maxVal = Solution: cost=[-1556.5999999999997], size=[68], elements=[48, 66, 88, 58, 25, 24, 12, 72, 90, 31, 91, 97, 69, 61, 14, 81, 83, 96, 87, 86, 99, 74, 13, 5, 54, 84, 62, 37, 45, 41, 59, 55, 22, 6, 32, 43, 57, 79, 2, 78, 23, 17, 94, 67, 64, 76, 42, 95, 7, 35, 3, 36, 20, 50, 51, 10, 93, 4, 9, 27, 98, 39, 16, 77, 11, 82, 85, 0]
Time = 1800.312 seg
