[DEBUG] instanceFilePath: instances/max_sc_qbf/max_sc_qbf-n_400-k_5.txt
[DEBUG] alpha: 0.1
[DEBUG] numberOfRandomIterations: -1
[DEBUG] isFirstImprovement: false
[DEBUG] isLinearBiasFunction: false
Using the Random Bias Function
(Iter. 0| N ) BestSol = Solution: cost=[-13255.280000000002], size=[258], elements=[233, 167, 75, 183, 124, 262, 283, 369, 318, 372, 367, 45, 62, 201, 361, 355, 18, 326, 235, 151, 133, 333, 108, 200, 102, 3, 205, 61, 142, 346, 312, 349, 316, 32, 176, 397, 138, 274, 313, 85, 256, 345, 219, 237, 76, 271, 105, 192, 226, 135, 230, 94, 80, 181, 82, 72, 39, 317, 154, 144, 99, 240, 285, 103, 190, 275, 328, 376, 92, 301, 327, 143, 248, 83, 234, 58, 228, 69, 241, 245, 239, 203, 131, 384, 293, 210, 396, 266, 7, 73, 52, 14, 215, 149, 23, 163, 44, 132, 173, 64, 165, 175, 150, 379, 168, 298, 65, 51, 394, 158, 288, 120, 117, 182, 29, 387, 198, 302, 352, 24, 104, 307, 55, 6, 74, 195, 128, 243, 188, 277, 139, 70, 284, 380, 59, 41, 267, 358, 323, 199, 121, 93, 34, 329, 88, 146, 193, 81, 381, 330, 322, 261, 90, 221, 362, 184, 214, 223, 111, 145, 306, 125, 187, 373, 22, 314, 189, 194, 305, 8, 246, 171, 4, 263, 389, 279, 281, 35, 260, 53, 375, 63, 91, 130, 343, 332, 12, 25, 212, 15, 112, 247, 278, 77, 191, 197, 308, 50, 179, 338, 28, 390, 360, 287, 122, 255, 38, 11, 348, 227, 320, 17, 356, 259, 225, 89, 386, 2, 371, 282, 257, 123, 393, 344, 19, 213, 157, 126, 309, 166, 222, 347, 0, 324, 43, 264, 292, 383, 13, 208, 357, 107, 174, 354, 118, 134, 337, 289, 159, 251, 270, 1, 127, 96, 310, 370, 392, 325]
(Iter. 1| N ) BestSol = Solution: cost=[-13543.460000000006], size=[258], elements=[306, 92, 176, 94, 274, 212, 88, 135, 263, 38, 41, 18, 262, 233, 167, 8, 76, 228, 89, 354, 45, 200, 29, 352, 44, 34, 279, 7, 2, 391, 128, 52, 288, 201, 122, 219, 69, 266, 58, 257, 35, 248, 190, 124, 389, 154, 203, 344, 132, 317, 121, 80, 109, 334, 23, 68, 305, 192, 111, 3, 347, 362, 283, 171, 210, 183, 163, 125, 326, 348, 333, 0, 194, 85, 316, 138, 261, 234, 322, 214, 31, 133, 284, 72, 64, 247, 182, 260, 173, 360, 396, 287, 195, 158, 329, 230, 145, 313, 226, 293, 275, 341, 62, 256, 181, 99, 15, 243, 25, 338, 39, 345, 356, 107, 65, 307, 361, 376, 239, 112, 193, 24, 271, 81, 146, 6, 50, 358, 314, 142, 312, 381, 298, 91, 13, 70, 227, 151, 51, 373, 199, 285, 47, 371, 327, 74, 225, 187, 383, 394, 235, 302, 337, 55, 139, 4, 246, 267, 103, 384, 380, 168, 255, 277, 28, 90, 332, 19, 198, 22, 179, 184, 108, 17, 59, 308, 134, 75, 131, 53, 20, 387, 205, 281, 323, 188, 369, 259, 355, 386, 93, 102, 222, 127, 117, 130, 330, 43, 82, 282, 197, 237, 218, 42, 375, 213, 155, 254, 144, 118, 61, 98, 77, 143, 367, 278, 301, 120, 14, 349, 377, 150, 241, 73, 215, 397, 12, 169, 350, 245, 1, 71, 311, 249, 292, 40, 335, 395, 244, 21, 175, 115, 208, 79, 83, 264, 346, 309, 100, 318, 141, 315, 251, 270, 238, 310, 33, 370]
maxVal = Solution: cost=[-13543.460000000006], size=[258], elements=[306, 92, 176, 94, 274, 212, 88, 135, 263, 38, 41, 18, 262, 233, 167, 8, 76, 228, 89, 354, 45, 200, 29, 352, 44, 34, 279, 7, 2, 391, 128, 52, 288, 201, 122, 219, 69, 266, 58, 257, 35, 248, 190, 124, 389, 154, 203, 344, 132, 317, 121, 80, 109, 334, 23, 68, 305, 192, 111, 3, 347, 362, 283, 171, 210, 183, 163, 125, 326, 348, 333, 0, 194, 85, 316, 138, 261, 234, 322, 214, 31, 133, 284, 72, 64, 247, 182, 260, 173, 360, 396, 287, 195, 158, 329, 230, 145, 313, 226, 293, 275, 341, 62, 256, 181, 99, 15, 243, 25, 338, 39, 345, 356, 107, 65, 307, 361, 376, 239, 112, 193, 24, 271, 81, 146, 6, 50, 358, 314, 142, 312, 381, 298, 91, 13, 70, 227, 151, 51, 373, 199, 285, 47, 371, 327, 74, 225, 187, 383, 394, 235, 302, 337, 55, 139, 4, 246, 267, 103, 384, 380, 168, 255, 277, 28, 90, 332, 19, 198, 22, 179, 184, 108, 17, 59, 308, 134, 75, 131, 53, 20, 387, 205, 281, 323, 188, 369, 259, 355, 386, 93, 102, 222, 127, 117, 130, 330, 43, 82, 282, 197, 237, 218, 42, 375, 213, 155, 254, 144, 118, 61, 98, 77, 143, 367, 278, 301, 120, 14, 349, 377, 150, 241, 73, 215, 397, 12, 169, 350, 245, 1, 71, 311, 249, 292, 40, 335, 395, 244, 21, 175, 115, 208, 79, 83, 264, 346, 309, 100, 318, 141, 315, 251, 270, 238, 310, 33, 370]
Time = 1957.225 seg
