[DEBUG] instanceFilePath: instances/max_sc_qbf/max_sc_qbf-n_400-k_4.txt
[DEBUG] alpha: 0.1
[DEBUG] numberOfRandomIterations: -1
[DEBUG] isFirstImprovement: false
[DEBUG] isLinearBiasFunction: false
Using the Random Bias Function
(Iter. 0| N ) BestSol = Solution: cost=[-11316.329999999996], size=[262], elements=[379, 114, 3, 296, 210, 67, 222, 268, 399, 298, 27, 338, 14, 26, 301, 156, 35, 275, 375, 193, 214, 43, 217, 92, 208, 98, 293, 260, 100, 308, 262, 240, 162, 77, 356, 148, 336, 128, 200, 30, 62, 292, 373, 191, 371, 207, 111, 196, 181, 246, 190, 134, 382, 215, 184, 54, 104, 57, 152, 278, 146, 139, 0, 109, 270, 142, 218, 167, 212, 342, 4, 11, 311, 332, 361, 213, 42, 340, 309, 127, 41, 243, 76, 344, 48, 51, 23, 25, 261, 283, 348, 391, 258, 339, 99, 333, 89, 130, 226, 355, 55, 69, 280, 147, 85, 178, 331, 169, 66, 245, 274, 281, 158, 106, 172, 17, 47, 16, 63, 151, 197, 314, 397, 282, 6, 8, 117, 307, 102, 72, 353, 337, 33, 34, 279, 58, 203, 87, 201, 194, 364, 175, 288, 276, 116, 377, 120, 255, 347, 230, 21, 39, 234, 259, 168, 129, 269, 254, 349, 154, 221, 20, 284, 367, 88, 392, 232, 180, 393, 202, 266, 149, 68, 359, 248, 12, 145, 320, 50, 372, 396, 395, 312, 224, 119, 188, 310, 138, 174, 113, 253, 75, 294, 95, 323, 161, 360, 91, 160, 56, 390, 118, 285, 103, 386, 112, 10, 171, 36, 28, 74, 236, 44, 302, 125, 327, 251, 287, 19, 345, 295, 316, 328, 153, 122, 273, 313, 211, 22, 225, 389, 126, 238, 374, 163, 105, 366, 121, 192, 204, 143, 60, 318, 195, 241, 343, 96, 330, 53, 131, 205, 257, 198, 228, 123, 334, 231, 150, 59, 322, 341, 15]
(Iter. 2| N ) BestSol = Solution: cost=[-11358.459999999997], size=[261], elements=[16, 102, 334, 181, 151, 112, 210, 246, 284, 131, 77, 392, 156, 360, 53, 4, 23, 356, 386, 349, 69, 12, 134, 146, 194, 278, 259, 283, 62, 66, 103, 364, 100, 145, 19, 348, 266, 54, 167, 232, 184, 214, 258, 298, 8, 338, 255, 35, 104, 158, 296, 119, 254, 109, 129, 399, 76, 147, 111, 280, 87, 91, 393, 260, 41, 333, 301, 197, 340, 375, 347, 17, 193, 212, 382, 262, 208, 128, 213, 72, 195, 275, 335, 67, 191, 240, 316, 106, 51, 245, 343, 63, 200, 162, 309, 47, 396, 50, 56, 221, 318, 279, 74, 395, 361, 323, 207, 303, 234, 236, 118, 36, 222, 391, 60, 274, 308, 20, 169, 352, 152, 230, 114, 73, 58, 302, 154, 345, 160, 161, 33, 39, 270, 328, 99, 243, 153, 139, 27, 34, 148, 25, 122, 57, 294, 95, 68, 163, 21, 143, 117, 138, 253, 292, 85, 331, 339, 327, 141, 203, 355, 204, 116, 372, 175, 121, 390, 263, 337, 281, 257, 55, 178, 269, 251, 312, 344, 228, 30, 389, 224, 285, 231, 201, 92, 320, 367, 310, 44, 261, 272, 313, 105, 330, 0, 149, 238, 226, 168, 42, 273, 353, 202, 127, 288, 332, 11, 215, 43, 217, 48, 88, 3, 336, 379, 218, 89, 376, 188, 98, 172, 10, 6, 377, 180, 359, 120, 282, 171, 373, 130, 22, 295, 142, 75, 276, 125, 126, 190, 287, 311, 233, 198, 192, 24, 315, 52, 196, 374, 225, 220, 83, 70, 28, 205, 150, 248, 80, 1, 314, 341]
maxVal = Solution: cost=[-11358.459999999997], size=[261], elements=[16, 102, 334, 181, 151, 112, 210, 246, 284, 131, 77, 392, 156, 360, 53, 4, 23, 356, 386, 349, 69, 12, 134, 146, 194, 278, 259, 283, 62, 66, 103, 364, 100, 145, 19, 348, 266, 54, 167, 232, 184, 214, 258, 298, 8, 338, 255, 35, 104, 158, 296, 119, 254, 109, 129, 399, 76, 147, 111, 280, 87, 91, 393, 260, 41, 333, 301, 197, 340, 375, 347, 17, 193, 212, 382, 262, 208, 128, 213, 72, 195, 275, 335, 67, 191, 240, 316, 106, 51, 245, 343, 63, 200, 162, 309, 47, 396, 50, 56, 221, 318, 279, 74, 395, 361, 323, 207, 303, 234, 236, 118, 36, 222, 391, 60, 274, 308, 20, 169, 352, 152, 230, 114, 73, 58, 302, 154, 345, 160, 161, 33, 39, 270, 328, 99, 243, 153, 139, 27, 34, 148, 25, 122, 57, 294, 95, 68, 163, 21, 143, 117, 138, 253, 292, 85, 331, 339, 327, 141, 203, 355, 204, 116, 372, 175, 121, 390, 263, 337, 281, 257, 55, 178, 269, 251, 312, 344, 228, 30, 389, 224, 285, 231, 201, 92, 320, 367, 310, 44, 261, 272, 313, 105, 330, 0, 149, 238, 226, 168, 42, 273, 353, 202, 127, 288, 332, 11, 215, 43, 217, 48, 88, 3, 336, 379, 218, 89, 376, 188, 98, 172, 10, 6, 377, 180, 359, 120, 282, 171, 373, 130, 22, 295, 142, 75, 276, 125, 126, 190, 287, 311, 233, 198, 192, 24, 315, 52, 196, 374, 225, 220, 83, 70, 28, 205, 150, 248, 80, 1, 314, 341]
Time = 1804.788 seg
