[DEBUG] instanceFilePath: instances/max_sc_qbf/max_sc_qbf-n_100-k_5.txt
[DEBUG] alpha: 0.1
[DEBUG] numberOfRandomIterations: -1
[DEBUG] isFirstImprovement: false
[DEBUG] isLinearBiasFunction: false
Using the Random Bias Function
(Iter. 0| N ) BestSol = Solution: cost=[-2059.21], size=[68], elements=[75, 81, 39, 93, 23, 22, 57, 63, 29, 12, 4, 10, 7, 1, 70, 51, 34, 62, 9, 89, 31, 35, 87, 67, 3, 11, 42, 15, 72, 96, 45, 86, 13, 65, 30, 76, 38, 19, 98, 25, 83, 32, 88, 56, 37, 79, 95, 80, 68, 54, 99, 33, 53, 0, 71, 61, 26, 28, 5, 16, 14, 8, 84, 36, 48, 66, 21, 64]
(Iter. 4| N ) BestSol = Solution: cost=[-2062.9], size=[67], elements=[68, 98, 76, 88, 38, 65, 99, 23, 89, 86, 51, 53, 31, 30, 29, 39, 93, 64, 75, 19, 87, 13, 37, 45, 3, 96, 62, 15, 1, 0, 67, 34, 83, 54, 79, 57, 32, 70, 35, 33, 63, 7, 81, 25, 72, 61, 8, 14, 56, 42, 58, 10, 26, 71, 48, 94, 4, 11, 21, 22, 20, 95, 80, 16, 9, 5, 28]
maxVal = Solution: cost=[-2062.9], size=[67], elements=[68, 98, 76, 88, 38, 65, 99, 23, 89, 86, 51, 53, 31, 30, 29, 39, 93, 64, 75, 19, 87, 13, 37, 45, 3, 96, 62, 15, 1, 0, 67, 34, 83, 54, 79, 57, 32, 70, 35, 33, 63, 7, 81, 25, 72, 61, 8, 14, 56, 42, 58, 10, 26, 71, 48, 94, 4, 11, 21, 22, 20, 95, 80, 16, 9, 5, 28]
Time = 1800.105 seg
