[DEBUG] instanceFilePath: instances/max_sc_qbf/max_sc_qbf-n_400-k_3.txt
[DEBUG] alpha: 0.1
[DEBUG] numberOfRandomIterations: -1
[DEBUG] isFirstImprovement: false
[DEBUG] isLinearBiasFunction: false
Using the Random Bias Function
(Iter. 0| N ) BestSol = Solution: cost=[-10369.859999999991], size=[267], elements=[97, 189, 355, 58, 385, 46, 5, 20, 350, 394, 67, 198, 41, 267, 265, 51, 44, 201, 181, 120, 115, 21, 330, 270, 354, 69, 343, 95, 369, 23, 206, 151, 174, 28, 248, 303, 283, 113, 70, 347, 345, 84, 121, 280, 182, 64, 205, 335, 311, 318, 243, 17, 302, 68, 250, 261, 86, 377, 327, 147, 328, 167, 384, 333, 36, 11, 52, 352, 186, 268, 397, 340, 25, 192, 315, 388, 133, 171, 322, 175, 9, 349, 32, 232, 257, 99, 158, 96, 10, 164, 348, 223, 247, 307, 378, 359, 132, 291, 371, 65, 48, 130, 364, 8, 93, 208, 392, 56, 49, 254, 238, 60, 78, 258, 313, 185, 2, 125, 236, 383, 73, 381, 82, 288, 234, 123, 224, 156, 219, 252, 90, 300, 339, 382, 26, 362, 89, 137, 75, 72, 296, 179, 18, 249, 145, 124, 91, 40, 105, 114, 168, 281, 387, 146, 22, 31, 346, 379, 59, 39, 199, 71, 331, 92, 309, 118, 326, 357, 12, 299, 117, 87, 320, 33, 395, 163, 353, 301, 276, 141, 215, 29, 323, 112, 373, 228, 334, 338, 176, 237, 289, 178, 122, 197, 148, 80, 292, 136, 263, 162, 293, 214, 150, 271, 177, 213, 246, 209, 398, 196, 285, 79, 180, 297, 329, 103, 157, 47, 200, 370, 24, 230, 222, 16, 244, 27, 316, 35, 391, 62, 63, 101, 107, 366, 143, 155, 169, 191, 183, 187, 188, 190, 216, 195, 131, 207, 241, 351, 341, 269, 298, 279, 266, 321, 284, 358, 98, 363, 203, 396, 235, 7, 325, 165, 319, 389, 317]
(Iter. 2| N ) BestSol = Solution: cost=[-10397.600000000006], size=[267], elements=[222, 265, 148, 107, 31, 326, 39, 252, 257, 179, 334, 288, 201, 335, 364, 268, 209, 274, 157, 392, 73, 206, 9, 191, 131, 210, 121, 174, 199, 68, 228, 117, 302, 292, 279, 338, 307, 81, 354, 166, 136, 224, 298, 164, 234, 123, 238, 398, 175, 36, 297, 285, 91, 163, 353, 182, 294, 8, 327, 2, 49, 303, 97, 80, 349, 92, 177, 348, 186, 296, 289, 214, 311, 90, 351, 318, 103, 276, 322, 86, 355, 259, 198, 243, 51, 64, 301, 315, 82, 241, 115, 23, 21, 385, 69, 128, 347, 395, 44, 378, 248, 71, 151, 99, 313, 176, 40, 168, 32, 213, 18, 192, 384, 52, 118, 112, 178, 343, 362, 120, 300, 185, 333, 70, 270, 28, 236, 230, 65, 41, 125, 249, 145, 263, 26, 350, 146, 261, 246, 7, 215, 48, 95, 59, 267, 339, 387, 273, 46, 317, 205, 180, 181, 147, 281, 5, 141, 359, 78, 150, 89, 197, 283, 130, 223, 280, 22, 87, 113, 250, 377, 390, 271, 137, 340, 299, 319, 345, 329, 84, 291, 328, 133, 357, 219, 371, 208, 330, 67, 11, 394, 60, 320, 33, 114, 331, 379, 96, 352, 124, 323, 309, 171, 388, 62, 29, 397, 196, 232, 20, 216, 156, 17, 122, 167, 58, 93, 24, 244, 27, 35, 391, 188, 47, 143, 16, 72, 63, 79, 101, 162, 105, 369, 75, 132, 14, 254, 247, 269, 316, 56, 25, 293, 10, 98, 152, 155, 366, 169, 358, 183, 190, 346, 203, 314, 383, 187, 275, 195, 341, 373, 149, 363, 189, 370, 12, 396]
(Iter. 4| N ) BestSol = Solution: cost=[-10463.070000000007], size=[265], elements=[335, 123, 5, 40, 62, 261, 333, 235, 25, 353, 68, 303, 357, 130, 280, 291, 271, 70, 115, 192, 373, 343, 186, 206, 268, 283, 328, 120, 362, 364, 97, 320, 244, 249, 124, 113, 67, 22, 190, 234, 395, 56, 198, 276, 31, 65, 257, 243, 21, 327, 23, 95, 189, 99, 125, 52, 379, 80, 114, 79, 41, 26, 199, 236, 322, 164, 131, 145, 147, 311, 371, 9, 46, 267, 397, 385, 369, 155, 345, 197, 210, 300, 288, 73, 318, 12, 185, 82, 232, 398, 355, 71, 121, 252, 330, 69, 81, 29, 175, 349, 106, 223, 168, 348, 307, 28, 176, 2, 201, 292, 78, 200, 182, 128, 241, 294, 27, 378, 36, 112, 8, 248, 132, 91, 247, 174, 340, 238, 250, 181, 11, 136, 302, 84, 377, 60, 163, 51, 299, 323, 141, 285, 151, 309, 49, 263, 146, 215, 116, 289, 33, 350, 122, 64, 93, 87, 313, 177, 48, 301, 296, 158, 224, 86, 209, 359, 92, 90, 59, 339, 387, 297, 32, 308, 179, 392, 281, 208, 384, 195, 167, 118, 18, 331, 329, 89, 72, 388, 347, 315, 188, 213, 133, 157, 346, 16, 338, 171, 326, 117, 39, 143, 0, 20, 319, 317, 156, 17, 24, 230, 184, 45, 35, 53, 54, 63, 96, 237, 47, 196, 228, 258, 108, 270, 325, 394, 381, 246, 370, 218, 205, 103, 101, 391, 383, 148, 305, 166, 180, 152, 105, 202, 137, 254, 265, 298, 150, 191, 169, 183, 216, 269, 127, 341, 207, 314, 222, 259, 390, 358, 351, 363, 396, 83, 178]
maxVal = Solution: cost=[-10463.070000000007], size=[265], elements=[335, 123, 5, 40, 62, 261, 333, 235, 25, 353, 68, 303, 357, 130, 280, 291, 271, 70, 115, 192, 373, 343, 186, 206, 268, 283, 328, 120, 362, 364, 97, 320, 244, 249, 124, 113, 67, 22, 190, 234, 395, 56, 198, 276, 31, 65, 257, 243, 21, 327, 23, 95, 189, 99, 125, 52, 379, 80, 114, 79, 41, 26, 199, 236, 322, 164, 131, 145, 147, 311, 371, 9, 46, 267, 397, 385, 369, 155, 345, 197, 210, 300, 288, 73, 318, 12, 185, 82, 232, 398, 355, 71, 121, 252, 330, 69, 81, 29, 175, 349, 106, 223, 168, 348, 307, 28, 176, 2, 201, 292, 78, 200, 182, 128, 241, 294, 27, 378, 36, 112, 8, 248, 132, 91, 247, 174, 340, 238, 250, 181, 11, 136, 302, 84, 377, 60, 163, 51, 299, 323, 141, 285, 151, 309, 49, 263, 146, 215, 116, 289, 33, 350, 122, 64, 93, 87, 313, 177, 48, 301, 296, 158, 224, 86, 209, 359, 92, 90, 59, 339, 387, 297, 32, 308, 179, 392, 281, 208, 384, 195, 167, 118, 18, 331, 329, 89, 72, 388, 347, 315, 188, 213, 133, 157, 346, 16, 338, 171, 326, 117, 39, 143, 0, 20, 319, 317, 156, 17, 24, 230, 184, 45, 35, 53, 54, 63, 96, 237, 47, 196, 228, 258, 108, 270, 325, 394, 381, 246, 370, 218, 205, 103, 101, 391, 383, 148, 305, 166, 180, 152, 105, 202, 137, 254, 265, 298, 150, 191, 169, 183, 216, 269, 127, 341, 207, 314, 222, 259, 390, 358, 351, 363, 396, 83, 178]
Time = 2044.216 seg
