[DEBUG] instanceFilePath: instances/max_sc_qbf/max_sc_qbf-n_200-k_4.txt
[DEBUG] alpha: 0.1
[DEBUG] numberOfRandomIterations: -1
[DEBUG] isFirstImprovement: false
[DEBUG] isLinearBiasFunction: false
Using the Random Bias Function
(Iter. 0| N ) BestSol = Solution: cost=[-4887.280000000002], size=[144], elements=[69, 90, 2, 63, 150, 65, 67, 162, 127, 166, 181, 104, 103, 184, 3, 144, 185, 139, 25, 91, 31, 110, 94, 70, 74, 82, 109, 100, 89, 36, 140, 42, 58, 115, 28, 97, 196, 149, 78, 40, 180, 177, 80, 59, 88, 102, 158, 137, 77, 126, 135, 73, 167, 151, 153, 147, 21, 133, 118, 49, 116, 163, 71, 141, 29, 44, 64, 5, 119, 39, 85, 113, 170, 18, 117, 11, 81, 33, 120, 12, 155, 112, 121, 99, 152, 55, 194, 156, 9, 10, 57, 23, 197, 45, 30, 173, 198, 93, 171, 13, 195, 138, 178, 191, 17, 47, 19, 190, 56, 7, 165, 124, 27, 1, 43, 192, 62, 189, 175, 76, 129, 4, 35, 0, 146, 86, 14, 20, 54, 50, 15, 53, 84, 154, 174, 188, 199, 95, 79, 16, 98, 92, 60, 179]
(Iter. 1| N ) BestSol = Solution: cost=[-4934.580000000001], size=[138], elements=[90, 2, 97, 40, 64, 133, 77, 161, 55, 150, 58, 153, 3, 127, 91, 144, 59, 44, 100, 149, 112, 102, 89, 42, 147, 30, 129, 81, 74, 152, 120, 0, 28, 115, 197, 167, 146, 135, 137, 109, 119, 78, 63, 99, 67, 5, 126, 118, 180, 29, 165, 23, 104, 158, 141, 93, 79, 162, 82, 184, 39, 196, 116, 166, 49, 181, 170, 31, 138, 195, 45, 57, 71, 11, 94, 9, 121, 47, 10, 18, 163, 140, 151, 110, 12, 80, 185, 56, 76, 191, 198, 13, 88, 177, 156, 190, 192, 113, 25, 19, 117, 194, 85, 86, 36, 21, 124, 43, 70, 73, 183, 139, 178, 27, 35, 188, 155, 17, 173, 95, 4, 20, 92, 53, 69, 171, 130, 7, 103, 98, 154, 15, 186, 16, 174, 33, 60, 199]
(Iter. 13| N ) BestSol = Solution: cost=[-4937.169999999999], size=[139], elements=[90, 40, 97, 2, 140, 64, 89, 163, 181, 183, 31, 94, 58, 10, 47, 15, 104, 196, 110, 78, 135, 102, 153, 192, 156, 80, 116, 70, 133, 158, 3, 71, 21, 44, 74, 152, 127, 180, 184, 25, 171, 121, 100, 88, 118, 77, 11, 39, 18, 82, 67, 147, 99, 166, 30, 0, 137, 115, 149, 177, 35, 109, 167, 191, 195, 28, 42, 91, 119, 194, 73, 13, 126, 45, 197, 190, 59, 17, 81, 198, 170, 9, 151, 36, 138, 23, 5, 112, 7, 4, 57, 120, 141, 69, 76, 65, 146, 98, 113, 150, 185, 117, 55, 86, 12, 56, 165, 139, 93, 155, 178, 19, 29, 92, 173, 124, 49, 186, 20, 27, 188, 79, 130, 53, 103, 129, 63, 54, 85, 144, 154, 169, 16, 162, 174, 95, 33, 199, 14]
(Iter. 60| N ) BestSol = Solution: cost=[-4937.550000000002], size=[142], elements=[64, 102, 133, 78, 97, 47, 55, 173, 10, 156, 40, 170, 2, 178, 171, 94, 196, 3, 21, 33, 35, 29, 88, 113, 89, 183, 27, 80, 110, 25, 11, 184, 31, 194, 195, 163, 153, 119, 65, 166, 59, 177, 90, 76, 147, 140, 190, 109, 104, 137, 79, 71, 158, 121, 82, 100, 141, 185, 175, 0, 57, 39, 95, 112, 127, 81, 23, 43, 99, 117, 155, 126, 115, 58, 165, 149, 18, 73, 135, 30, 98, 191, 28, 91, 74, 77, 118, 9, 152, 180, 197, 120, 5, 167, 44, 192, 70, 12, 181, 151, 86, 130, 19, 138, 45, 198, 36, 13, 42, 56, 139, 93, 17, 49, 150, 92, 16, 4, 162, 14, 20, 103, 69, 53, 96, 124, 54, 129, 154, 146, 188, 1, 75, 85, 187, 60, 7, 174, 67, 199, 63, 144]
(Iter. 95| N ) BestSol = Solution: cost=[-4938.759999999995], size=[142], elements=[181, 196, 10, 94, 171, 166, 58, 2, 40, 31, 152, 121, 97, 55, 138, 156, 9, 88, 44, 113, 69, 192, 12, 120, 116, 11, 190, 28, 167, 130, 77, 137, 64, 74, 102, 133, 80, 0, 53, 78, 135, 30, 70, 25, 27, 124, 183, 29, 19, 178, 170, 184, 158, 119, 195, 197, 18, 118, 163, 35, 21, 89, 100, 59, 149, 194, 147, 104, 67, 180, 65, 110, 153, 126, 4, 75, 56, 3, 36, 99, 5, 71, 127, 90, 112, 140, 49, 76, 91, 151, 185, 39, 82, 57, 93, 81, 141, 139, 115, 198, 23, 150, 103, 109, 117, 155, 45, 42, 165, 129, 191, 199, 173, 177, 85, 33, 188, 13, 47, 17, 162, 179, 79, 60, 175, 101, 86, 169, 144, 54, 14, 95, 16, 20, 96, 92, 15, 72, 63, 154, 174, 7]
(Iter. 195| N ) BestSol = Solution: cost=[-4945.48], size=[142], elements=[138, 55, 97, 47, 64, 10, 183, 30, 196, 190, 58, 94, 15, 156, 102, 192, 2, 40, 170, 118, 133, 89, 3, 147, 104, 78, 74, 126, 109, 29, 110, 154, 71, 163, 140, 135, 90, 56, 13, 36, 184, 21, 173, 25, 194, 17, 127, 88, 185, 178, 35, 112, 139, 42, 60, 179, 76, 150, 100, 11, 195, 65, 191, 82, 166, 177, 152, 153, 31, 137, 70, 45, 9, 12, 198, 91, 39, 77, 180, 99, 171, 73, 57, 119, 115, 117, 18, 98, 7, 113, 81, 80, 23, 33, 130, 141, 158, 27, 59, 28, 151, 175, 121, 67, 79, 162, 165, 5, 155, 95, 188, 149, 103, 197, 4, 93, 181, 69, 0, 120, 116, 49, 44, 167, 19, 86, 16, 92, 14, 20, 53, 124, 85, 54, 144, 129, 174, 63, 199, 101, 96, 72]
maxVal = Solution: cost=[-4945.48], size=[142], elements=[138, 55, 97, 47, 64, 10, 183, 30, 196, 190, 58, 94, 15, 156, 102, 192, 2, 40, 170, 118, 133, 89, 3, 147, 104, 78, 74, 126, 109, 29, 110, 154, 71, 163, 140, 135, 90, 56, 13, 36, 184, 21, 173, 25, 194, 17, 127, 88, 185, 178, 35, 112, 139, 42, 60, 179, 76, 150, 100, 11, 195, 65, 191, 82, 166, 177, 152, 153, 31, 137, 70, 45, 9, 12, 198, 91, 39, 77, 180, 99, 171, 73, 57, 119, 115, 117, 18, 98, 7, 113, 81, 80, 23, 33, 130, 141, 158, 27, 59, 28, 151, 175, 121, 67, 79, 162, 165, 5, 155, 95, 188, 149, 103, 197, 4, 93, 181, 69, 0, 120, 116, 49, 44, 167, 19, 86, 16, 92, 14, 20, 53, 124, 85, 54, 144, 129, 174, 63, 199, 101, 96, 72]
Time = 1804.849 seg
