[DEBUG] instanceFilePath: instances/max_sc_qbf/max_sc_qbf-n_200-k_3.txt
[DEBUG] alpha: 0.1
[DEBUG] numberOfRandomIterations: -1
[DEBUG] isFirstImprovement: false
[DEBUG] isLinearBiasFunction: false
Using the Random Bias Function
(Iter. 0| N ) BestSol = Solution: cost=[-3971.290000000001], size=[143], elements=[76, 151, 139, 79, 117, 19, 147, 163, 14, 86, 108, 18, 187, 165, 126, 167, 115, 183, 186, 155, 146, 21, 96, 24, 173, 6, 175, 64, 192, 23, 137, 189, 43, 29, 171, 90, 135, 124, 4, 9, 63, 107, 119, 197, 89, 15, 162, 114, 32, 110, 12, 35, 121, 180, 145, 159, 57, 17, 166, 39, 179, 33, 91, 149, 84, 181, 172, 176, 31, 10, 83, 66, 112, 61, 34, 122, 170, 0, 94, 71, 53, 40, 49, 133, 161, 128, 58, 72, 143, 37, 190, 199, 1, 56, 116, 99, 154, 195, 102, 144, 70, 131, 185, 51, 8, 156, 22, 125, 93, 48, 46, 113, 36, 132, 75, 85, 78, 5, 177, 118, 7, 55, 184, 25, 65, 41, 73, 193, 97, 194, 13, 101, 109, 160, 87, 106, 148, 47, 168, 198, 152, 196, 67]
(Iter. 1| N ) BestSol = Solution: cost=[-4006.210000000002], size=[144], elements=[145, 0, 66, 121, 91, 172, 185, 61, 166, 53, 187, 112, 186, 36, 175, 19, 71, 144, 73, 150, 75, 57, 78, 178, 122, 194, 21, 31, 107, 180, 96, 14, 159, 102, 7, 140, 32, 84, 12, 64, 58, 199, 114, 39, 13, 6, 27, 163, 68, 133, 165, 97, 86, 18, 115, 43, 179, 83, 139, 101, 63, 149, 8, 15, 136, 146, 22, 42, 67, 154, 167, 76, 128, 155, 119, 197, 151, 48, 93, 79, 147, 137, 35, 29, 189, 110, 51, 46, 161, 131, 47, 94, 177, 160, 117, 10, 24, 171, 1, 143, 59, 109, 17, 41, 162, 193, 173, 126, 9, 190, 198, 82, 56, 135, 192, 49, 23, 176, 195, 72, 106, 87, 170, 125, 124, 4, 132, 113, 25, 26, 34, 40, 108, 89, 90, 99, 157, 148, 183, 188, 168, 38, 196, 100]
(Iter. 4| N ) BestSol = Solution: cost=[-4033.780000000001], size=[142], elements=[17, 64, 147, 91, 23, 96, 39, 186, 136, 42, 66, 12, 43, 36, 159, 7, 84, 179, 193, 128, 82, 137, 57, 15, 114, 68, 13, 163, 27, 32, 187, 133, 119, 145, 48, 6, 107, 46, 26, 93, 185, 121, 180, 14, 102, 78, 144, 150, 51, 112, 166, 21, 199, 131, 24, 31, 122, 140, 56, 47, 99, 25, 19, 157, 10, 165, 171, 172, 189, 149, 29, 79, 71, 113, 58, 67, 173, 18, 167, 86, 154, 177, 94, 117, 9, 176, 76, 151, 197, 22, 143, 49, 135, 139, 72, 53, 87, 63, 108, 83, 170, 155, 146, 175, 0, 190, 126, 192, 61, 35, 38, 115, 1, 124, 110, 132, 8, 195, 34, 160, 40, 41, 73, 194, 89, 75, 106, 90, 161, 109, 148, 168, 59, 178, 198, 101, 183, 125, 74, 196, 188, 100]
(Iter. 6| N ) BestSol = Solution: cost=[-4034.720000000002], size=[140], elements=[17, 96, 161, 86, 170, 64, 84, 196, 178, 91, 21, 14, 23, 192, 179, 112, 107, 42, 186, 187, 56, 32, 183, 163, 165, 6, 172, 61, 7, 13, 180, 137, 119, 167, 39, 176, 146, 189, 173, 149, 140, 166, 29, 9, 145, 0, 114, 139, 147, 188, 121, 159, 12, 15, 155, 108, 26, 79, 117, 24, 110, 194, 18, 82, 43, 124, 133, 126, 72, 171, 25, 19, 143, 71, 1, 197, 66, 78, 199, 94, 10, 83, 122, 131, 8, 27, 115, 22, 58, 148, 36, 67, 47, 31, 109, 190, 151, 193, 48, 128, 102, 57, 35, 51, 154, 101, 185, 125, 132, 53, 59, 93, 195, 49, 113, 34, 40, 144, 63, 106, 46, 75, 177, 73, 135, 41, 160, 150, 100, 74, 87, 198, 89, 99, 168, 136, 175, 76, 157, 38]
maxVal = Solution: cost=[-4034.720000000002], size=[140], elements=[17, 96, 161, 86, 170, 64, 84, 196, 178, 91, 21, 14, 23, 192, 179, 112, 107, 42, 186, 187, 56, 32, 183, 163, 165, 6, 172, 61, 7, 13, 180, 137, 119, 167, 39, 176, 146, 189, 173, 149, 140, 166, 29, 9, 145, 0, 114, 139, 147, 188, 121, 159, 12, 15, 155, 108, 26, 79, 117, 24, 110, 194, 18, 82, 43, 124, 133, 126, 72, 171, 25, 19, 143, 71, 1, 197, 66, 78, 199, 94, 10, 83, 122, 131, 8, 27, 115, 22, 58, 148, 36, 67, 47, 31, 109, 190, 151, 193, 48, 128, 102, 57, 35, 51, 154, 101, 185, 125, 132, 53, 59, 93, 195, 49, 113, 34, 40, 144, 63, 106, 46, 75, 177, 73, 135, 41, 160, 150, 100, 74, 87, 198, 89, 99, 168, 136, 175, 76, 157, 38]
Time = 1807.661 seg
