100
4 4 2 24 10 13 16 7 22 19 21 16 26 15 5 20 25 8 4 22 23 21 9 2 20 2 10 8 10 22 13 8 7 16 11 15 13 12 21 11 8 16 26 16 10 24 21 4 7 12 13 6 24 5 23 25 24 13 9 8 21 2 17 4 20 10 24 4 25 19 13 3 10 3 21 2 3 22 12 19 25 12 19 2 3 14 20 15 19 22 7 4 19 19 6 15 16 23 6 6 
76 5 14 55
65 82 28 30
72 87
1 12 13 14 20 21 28 29 36 44 45 46 49 54 55 58 70 76 84 88 90 93 95 99
69 6 71 38 11 16 49 87 59 94
99 6 38 9 74 11 13 49 85 87 25 91 30
35 36 69 10 46 47 48 78 82 83 21 86 22 88 90 27
35 72 49 82 89 60 95
5 8 9 18 19 28 30 32 34 35 41 42 51 52 59 64 73 83 84 91 95 99
7 12 14 15 18 20 21 29 34 47 52 55 64 66 75 81 88 96 97
2 9 15 29 33 35 38 44 49 50 56 60 68 69 71 77 83 88 93 97 99
65 1 34 4 98 39 14 78 48 81 82 20 21 23 26 93
1 3 8 9 11 14 15 17 22 31 34 40 42 47 61 63 68 69 71 73 77 82 87 91 96 100
97 67 70 40 92 48 52 84 86 87 89 26 28 94 57
32 9 44 18 29
1 5 8 9 10 28 29 30 31 36 43 63 66 70 71 76 81 82 86 91
4 7 8 13 14 25 32 44 46 52 53 55 56 60 61 74 83 84 85 92 93 95 97 98 100
36 69 18 55 24 58 60 95
57 13 71 95
1 2 8 12 22 28 31 34 37 49 50 52 53 55 59 62 63 70 82 90 94 97
7 8 11 14 20 21 24 25 28 38 41 62 63 65 66 68 70 75 89 91 92 93 94
6 9 11 15 16 27 31 32 34 41 52 54 67 73 75 77 80 85 86 87 92
32 34 39 41 17 51 83 86 59
59 15
9 10 13 17 21 28 32 34 37 39 45 48 57 65 69 70 79 84 87 91
86 14
96 34 35 37 71 14 15 18 20 85
65 34 44 82 87 88 27 92
1 99 36 6 7 43 12 18 82 55
2 4 5 6 10 15 17 19 20 21 34 48 55 56 57 70 71 72 75 89 91 95
32 96 36 100 6 72 46 14 80 53 86 88 27
32 4 43 53 21 23 86 95
36 5 14 49 29 90 61
66 99 4 36 40 9 43 45 83 52 85 87 25 29 30 95
34 4 5 75 77 14 15 45 23 56 94
32 33 66 1 67 69 6 88 74 78 15 50 56 25 91
65 39 40 9 41 43 80 16 85 86 56 93 95
96 38 71 17 49 52 54 86 87 25 90 29
1 4 22 27 28 37 39 42 52 56 57 60 61 66 71 73 75 78 84 87 95
97 66 40 43 12 15 80 82 85 87 31
32 99 4 6 79 19 61 95
64 32 89 1 97 74 15 81 50 19 52 84 54 25 90 92
7 15 16 18 21 23 29 32 41 55 57 58 59 60 65 67 68 71 72 77 79 86 90 93 95 100
32 97 34 99 36 100 67 37 10 92 81 18 82 57 31 63
70 41 11 43 18 50 20 89 30 95
1 3 4 8 9 27 28 39 43 46 49 50 53 54 60 62 69 70 74 75 89 90 93 98
4 14 17 22 29 35 44 50 51 52 56 60 63 69 73 76 80 85 86 87 93
18 82 83 55
34 7 42 49 18 59 28
32 97 98 33 36 3 96 70 11 49 54 61
32 97 3 100 4 6 9 80 82 84 20 26 29
73 15 86 28 61 95
4 10 14 15 18 21 22 26 32 33 39 40 48 49 51 74 75 76 78 90 91 92 96 99
69 6 73 45 87
2 9 14 20 23 29 35 44 47 48 54 56 59 60 62 63 65 67 69 79 82 83 91
4 12 24 28 29 32 34 35 36 42 44 46 49 58 60 63 64 73 76 79 86 87 95 97 98
2 3 11 12 25 29 31 32 36 38 40 52 53 58 61 63 67 72 83 87 91 93 94 99
96 35 68 71 40 43 45 46 55 87 90 59 61
96 89 98 36 69 41 16 25 93
98 36 4 76 28 93 62 95
2 6 7 13 14 17 23 25 30 36 37 38 39 47 63 69 71 82 90 91 97
74 15
33 36 7 9 10 74 44 73 15 81 52 20 24 57 88 62 63
32 16 72 36
8 13 27 29 39 40 49 55 57 58 67 73 76 77 79 80 81 95 98 100
1 71 10 11 21 85 23 53 95 31
5 10 15 18 20 26 29 30 34 35 37 38 55 59 61 70 76 77 81 88 90 91 95 96
8 40 4 22
4 6 11 12 16 30 33 35 37 39 42 52 56 57 60 64 65 70 73 77 78 87 89 90 98
3 6 12 23 24 35 36 56 57 61 63 67 74 75 82 84 87 97 98
64 98 37 42 43 14 18 52 53 86 21 85 89
59 12 14
32 1 66 99 70 42 15 52 85 60
25 67 29
4 7 16 17 21 27 31 32 35 37 40 57 63 64 71 78 81 90 91 97 98
14 71
60 29 15
9 15 18 19 20 25 32 35 36 38 50 54 59 61 62 64 66 71 77 91 92 96
65 1 35 37 39 75 76 93 85 20 29 63
6 18 25 30 31 42 43 45 49 50 53 59 62 70 71 74 90 98 100
2 5 10 13 17 19 20 32 43 49 50 53 57 59 61 64 65 68 76 84 85 87 91 94 100
36 69 41 11 43 80 49 81 51 84 87 89
5 9 12 13 18 22 30 31 37 56 57 80 81 82 88 89 91 96 98
36 6
32 46 38
32 68 73 11 79 80 49 19 53 22 23 88 24 31
2 10 18 19 21 30 33 37 39 45 55 57 59 60 70 76 82 86 87 89
3 36 90 38 39 74 14 46 49 50 51 85 26 62 31
7 25 29 30 33 37 46 64 78 80 82 85 87 88 93 96 97 99 100
4 5 6 12 13 17 23 26 38 40 42 47 54 57 65 68 70 75 81 83 94 96
96 33 36 38 44 15 62
97 18 19 29
2 4 12 14 16 29 30 34 47 48 49 51 59 61 69 75 82 87 96
5 6 9 13 15 18 29 31 39 42 53 60 64 79 82 83 84 87 90
96 14 48 50 86 59
96 36 5 76 13 14 79 48 20 84 54 53 89 94 63
36 70 8 13 46 47 48 16 83 51 25 88 57 59 95 31
1 3 7 9 15 17 19 27 28 30 32 36 43 71 73 76 77 82 83 90 94 97 100
33 4 70 15 85 23
2 42 76 46 82 31
-96 -56 -33 -87 -68 89 7 34 -71 90 -84 21 14 99 -8 31 51 -73 15 28 -44 57 -89 86 100 68 33 -23 17 64 -93 -85 22 2 9 75 -73 25 82 13 -82 -80 -18 55 -63 -84 -68 -30 59 62 49 40 82 -17 -3 52 35 -25 16 29 54 10 -75 79 -71 67 66 96 41 84 -45 10 15 -42 5 -14 16 2 6 86 -76 -20 9 -20 70 -35 -5 -61 75 21 -83 -77 -79 -77 10 -76 90 89 -5 -67
0 42 -85 50 43 43 -16 71 -69 5 -10 70 92 8 84 -87 -27 53 -21 -10 -74 47 29 -46 -61 68 23 -43 -73 -11 42 -6 -71 95 -29 46 -43 9 43 96 59 57 72 64 42 -94 55 68 77 -32 -93 -54 -31 79 95 -21 -14 -11 -99 -54 -64 44 68 2 -83 -64 89 62 -93 -77 91 35 -45 -4 7 16 -13 -60 -6 -21 84 -17 98 45 52 -79 -87 -61 -60 93 58 -88 72 -80 -31 13 69 8 24 55
0 0 13 6 -31 -45 93 31 -71 -12 10 -72 -28 73 73 51 24 34 70 -22 -89 -44 1 53 -86 -99 -48 -23 -46 96 -65 95 -35 -26 -17 -70 -99 27 91 10 -56 -67 -3 36 80 -42 28 43 71 -10 -82 1 89 -90 11 -96 17 -81 -20 47 9 46 3 81 63 6 -26 -71 3 -95 -17 -57 58 17 76 -8 -78 11 -73 -38 11 50 2 34 -80 1 -21 90 -14 -44 -15 99 -57 -81 30 62 -71 35 30 -51
0 0 0 98 -11 -11 86 65 -63 -40 -74 -63 -35 -50 -56 54 -61 94 94 67 -81 -55 97 60 26 18 93 44 94 48 14 74 44 64 62 59 -18 60 -20 -62 12 -83 20 13 61 -23 -30 51 -86 -10 29 -82 -21 18 15 -91 -86 -6 -27 -81 65 -77 57 52 29 -2 18 48 41 89 -90 15 46 66 -52 -18 54 21 28 -62 -85 15 -74 -13 82 -79 29 65 -56 -90 -37 81 12 12 34 33 56 -60 -7 -5
0 0 0 0 -28 -1 4 98 -14 73 53 -87 61 65 -15 -84 -16 -76 42 73 -2 -28 -36 85 68 54 -62 -15 -80 49 69 -64 -11 -21 67 78 69 0 -67 52 81 -79 -21 43 -4 64 -16 -68 71 79 89 75 34 -77 65 71 8 30 -8 -96 -8 -21 -54 -46 -13 96 24 -51 -43 -65 -61 -81 -25 -75 29 97 38 89 34 -91 69 -14 96 58 -67 52 -4 -61 -59 -54 77 97 59 -58 84 12 -89 5 -7 73
0 0 0 0 0 84 -40 13 56 -28 92 91 100 14 -41 36 -39 -21 100 20 -51 -6 73 46 12 18 96 -28 99 -3 28 35 7 -59 -49 54 -65 -36 -87 64 23 -5 41 -74 82 32 -69 -28 -79 95 -59 -31 15 31 -63 11 -77 -44 15 -11 -94 6 -87 1 28 -5 -40 -2 -80 -5 -43 -93 -19 -75 82 66 -15 -63 -65 -91 -27 20 78 -65 94 80 20 14 57 -99 -80 -96 -35 -45 -62 40 86 55 35 8
0 0 0 0 0 0 -72 98 -27 -40 -23 -69 -88 -39 7 63 59 17 -84 -72 27 52 37 -96 61 31 47 -39 83 -64 -26 9 -100 57 -10 -39 46 6 -53 70 71 -79 34 -8 -83 34 39 29 29 41 -95 -1 20 -89 62 -1 -5 -36 91 -96 -9 -83 -12 -39 87 68 60 -74 97 48 88 93 -15 -66 -89 -10 39 -14 64 -56 99 75 18 78 22 61 -54 -66 -84 83 98 17 -91 -25 -49 -89 -49 -90 -20 -21
0 0 0 0 0 0 0 31 1 39 21 -36 -91 92 65 -52 -27 -9 99 -88 67 -16 -31 -69 -6 11 2 90 12 -2 -14 -53 27 77 27 -6 32 -32 -79 86 8 -80 10 54 -54 39 -25 -18 -74 -80 -17 69 -25 -22 14 54 83 9 -58 76 13 -11 14 -90 86 -10 57 11 -30 63 -86 -81 71 63 3 -7 31 91 73 -60 -93 -64 55 73 100 12 -92 -68 -83 -40 99 65 -7 -8 -2 45 -92 54 -61 73
0 0 0 0 0 0 0 0 15 -6 -5 13 95 -81 46 -65 35 -7 1 -20 66 -29 -37 -71 -94 88 -53 27 32 -1 43 -70 -33 98 -34 80 14 -46 56 -27 77 25 -49 -69 -66 -82 15 -56 82 13 -78 74 -19 70 -12 81 -84 40 38 -26 -24 -60 82 81 79 63 -56 -8 30 -43 -69 -49 -65 -40 26 -94 -8 41 46 -6 19 41 -67 56 -78 -84 -21 1 83 84 22 34 5 96 4 47 -82 -68 -19 64
0 0 0 0 0 0 0 0 0 -82 15 19 74 32 -12 -68 99 41 63 50 -54 96 -67 10 28 -86 -69 32 -61 -23 -58 -59 -18 81 -43 -12 32 -28 -80 -36 -50 62 41 -30 -68 60 -23 57 36 -77 28 64 -57 51 48 -61 -57 68 59 84 54 -14 44 -90 -93 -80 -89 64 97 47 -33 66 -47 96 46 6 58 63 -93 27 60 39 -26 64 -23 23 -38 75 3 -24 16 -82 76 -85 -60 12 6 23 18 -48
0 0 0 0 0 0 0 0 0 0 -13 55 -64 -20 83 -19 87 -12 2 -67 94 -6 31 43 -73 -19 -39 19 -69 -32 15 -37 -64 -76 -88 -26 -2 57 7 -37 -60 -17 47 84 -20 -52 95 -60 27 31 19 27 -22 27 -95 -77 0 29 17 -39 -45 49 -10 -88 -88 -28 26 52 67 72 20 -27 37 -98 -73 10 -66 -33 86 -7 95 3 -7 -89 2 -87 45 43 -51 -8 41 -27 -82 -2 29 15 95 40 -29 59
0 0 0 0 0 0 0 0 0 0 0 74 56 -70 -68 -76 0 -5 -14 42 -7 93 -64 -50 54 30 2 28 -90 -89 -91 -65 82 -15 21 32 16 -62 55 31 -65 -17 56 -19 -59 0 57 89 -24 51 -14 29 30 36 25 81 44 -24 21 -96 -6 -16 72 -72 6 49 -22 85 76 61 -94 52 21 -33 67 100 98 48 47 -42 84 -87 49 22 -57 34 61 84 58 98 -3 -63 74 -38 -92 46 79 -72 -52 -96
0 0 0 0 0 0 0 0 0 0 0 0 12 -20 7 -62 5 76 -48 5 28 98 56 20 88 86 -85 80 -65 32 -47 43 -17 69 22 34 -4 -20 -56 17 36 -13 39 -10 73 97 84 74 64 77 -33 56 23 -51 -37 -29 42 -24 -43 -24 97 -27 80 -47 76 80 25 -19 22 -11 43 84 -30 -27 -69 46 73 39 -3 1 -12 97 -63 -26 -90 -27 82 -80 -12 13 67 -35 91 22 -46 -49 37 -31 43 78
0 0 0 0 0 0 0 0 0 0 0 0 0 -31 -65 -73 57 89 50 -39 -38 -88 71 35 -43 63 -41 -87 -75 5 -16 83 20 -75 74 97 -65 -99 40 -60 4 67 21 22 66 -49 93 -27 -18 -27 65 -85 96 -78 66 46 -41 36 89 85 -91 -56 6 -55 -91 1 26 -53 91 -26 -91 -98 -24 45 54 -73 -15 -28 16 64 39 34 26 -66 29 19 -31 -51 -72 -16 -59 87 17 65 -35 83 -53 -97 88 -14
0 0 0 0 0 0 0 0 0 0 0 0 0 0 -25 45 72 93 -51 -56 56 63 3 9 31 -17 -78 2 71 -76 -53 -65 22 -18 -37 -99 -34 -2 -40 14 92 -32 -16 -23 49 85 46 -98 -34 67 -8 77 -40 -85 70 -70 19 -22 -60 3 75 28 80 97 -21 76 -70 63 -25 -6 57 -44 -44 -66 22 -61 16 91 55 -5 6 79 40 20 93 37 70 -45 95 -37 74 93 52 -80 34 14 35 80 -8 -81
0 0 0 0 0 0 0 0 0 0 0 0 0 0 0 44 -72 -85 40 29 -49 46 37 -62 -58 -17 33 13 -71 74 -48 83 49 25 -77 30 14 -86 16 -67 31 6 16 44 -86 43 18 72 -22 85 -95 1 -35 -100 90 -45 48 -82 -89 8 -12 79 -84 38 -85 -83 20 -92 -27 4 -54 96 -66 96 64 86 65 7 -5 -3 14 -4 -4 -80 74 69 38 -66 67 -11 -70 -55 37 0 35 -68 86 -43 -100 93
0 0 0 0 0 0 0 0 0 0 0 0 0 0 0 0 -95 -24 18 72 84 39 8 36 -3 -42 -37 17 -12 -61 -30 -52 85 95 -72 -92 69 7 57 96 -96 -39 -48 -83 -75 52 -92 14 53 72 80 -88 -38 89 -89 2 12 -41 38 -45 93 98 -86 -65 28 -26 -41 87 47 -19 47 53 97 72 -18 -40 -23 -64 69 33 -44 5 -24 -30 -85 42 51 88 -56 60 73 9 42 26 -88 -12 64 71 -3 34
0 0 0 0 0 0 0 0 0 0 0 0 0 0 0 0 0 -19 78 6 4 -62 -24 -4 -53 93 37 21 -39 -43 -24 81 -64 18 -86 43 5 6 42 35 -66 -1 -38 -35 -48 -16 65 -80 15 -6 -77 37 85 -52 -87 -32 -4 72 54 54 -90 -82 -52 94 50 85 71 43 -45 22 -47 -15 -23 -97 -46 -52 89 -70 91 93 22 -38 78 54 80 -48 1 -39 41 -18 98 -28 -3 19 36 66 -9 -22 -34 -8
0 0 0 0 0 0 0 0 0 0 0 0 0 0 0 0 0 0 31 27 19 -75 84 20 94 -19 -48 -6 -20 5 -89 44 -44 89 -63 -96 -34 41 49 48 84 6 -25 -61 -50 -16 -42 -3 45 -38 27 40 67 75 -14 -35 95 25 85 64 89 25 17 -57 87 -10 -57 -65 84 39 25 -53 38 64 -85 34 -92 -81 71 -88 95 -99 5 -65 61 -41 -83 81 -62 -98 -45 29 16 -5 -85 58 63 70 57 23
0 0 0 0 0 0 0 0 0 0 0 0 0 0 0 0 0 0 0 68 24 -96 -99 36 41 5 -97 -96 35 84 -30 37 -27 -96 28 78 72 10 -55 -73 -76 34 -62 -39 -51 58 34 -36 -10 -32 1 -80 -5 3 17 44 -38 78 -43 -24 75 -80 67 66 94 -92 -77 3 -3 -4 41 21 -86 63 -98 79 -57 -79 27 11 65 100 -16 44 -76 35 -90 -42 -46 77 45 21 -31 -89 -81 75 -29 39 44 68
0 0 0 0 0 0 0 0 0 0 0 0 0 0 0 0 0 0 0 0 -92 -55 -20 -96 -47 50 -64 92 82 1 -81 -24 -59 44 -39 45 -1 73 38 -16 -2 93 89 -65 76 85 -80 28 90 -12 -87 -75 11 -41 -81 -13 54 96 57 52 1 98 -17 -93 62 -31 100 15 25 -42 -9 41 -4 10 -53 74 49 69 -3 -79 97 58 -25 -37 82 -82 -79 -32 -61 -3 82 100 62 -61 89 -1 -19 -8 -73 -77
0 0 0 0 0 0 0 0 0 0 0 0 0 0 0 0 0 0 0 0 0 -99 -22 13 -8 94 -31 -74 -67 -78 -53 10 14 42 42 31 4 -74 -94 -78 -10 41 -77 52 53 100 -17 -2 -97 -26 5 -1 99 -79 85 43 -38 46 33 -57 75 -3 -57 -65 -32 -23 -32 26 -63 -84 -58 11 -30 7 -24 23 100 -81 -8 -36 -37 84 60 26 52 57 -50 17 -73 -66 -23 -99 1 -15 58 -3 -16 12 -15 10
0 0 0 0 0 0 0 0 0 0 0 0 0 0 0 0 0 0 0 0 0 0 66 52 -66 -24 -18 54 77 -49 22 -20 -55 1 -19 -26 88 77 62 25 47 100 -38 -17 -4 -29 0 -7 -71 44 -49 51 39 -54 74 96 40 -94 86 18 81 -47 12 -26 77 -83 4 72 27 -65 62 -23 -39 -36 68 -61 83 8 -4 -82 14 53 22 49 2 36 29 77 7 39 -91 -8 79 37 52 63 -79 -73 96 -37
0 0 0 0 0 0 0 0 0 0 0 0 0 0 0 0 0 0 0 0 0 0 0 68 70 -10 -58 65 56 -89 44 65 73 65 2 92 -16 10 -73 -98 -75 -34 -44 30 91 32 42 48 76 47 -44 14 -5 0 18 97 73 50 76 28 -62 -12 -94 23 -74 -25 6 -79 -71 86 -64 -11 -21 -13 16 100 -48 33 23 -11 21 -76 12 84 78 15 -19 -83 -24 -89 81 -71 -95 -13 65 -73 73 -58 89 -38
0 0 0 0 0 0 0 0 0 0 0 0 0 0 0 0 0 0 0 0 0 0 0 0 32 -56 41 -60 -16 43 9 18 -41 3 61 -53 -53 63 68 10 1 -93 88 57 -50 15 51 9 -1 -99 80 -46 -48 -29 92 80 -84 47 -74 37 -53 -7 -17 -50 17 -71 -33 71 25 35 63 -20 52 -1 56 0 50 -71 -11 -10 17 58 -56 72 80 -24 57 51 -79 72 -66 -20 -70 -39 -22 -71 -54 -5 77 -64
0 0 0 0 0 0 0 0 0 0 0 0 0 0 0 0 0 0 0 0 0 0 0 0 0 30 -1 7 52 -65 47 -2 8 -53 24 62 37 77 65 -56 42 -58 25 -27 -65 -53 -20 15 58 -87 -9 -98 24 -66 -51 -2 43 29 67 26 4 75 25 6 81 13 25 -58 -79 44 -93 94 -44 -26 -92 -30 -43 37 -27 -57 99 17 44 90 97 96 26 40 30 -72 46 -71 -32 98 39 -7 38 93 -90 94
0 0 0 0 0 0 0 0 0 0 0 0 0 0 0 0 0 0 0 0 0 0 0 0 0 0 84 12 39 -45 8 -74 88 67 92 -37 -24 -92 15 -33 -11 -78 12 -70 98 -40 -47 88 50 76 -11 81 56 61 9 -58 57 -65 100 -48 -48 -85 45 -11 36 -29 52 37 -57 -18 80 -26 -26 46 -32 31 73 -76 -66 92 5 -85 -30 67 -68 79 -67 -37 -63 82 -18 -37 94 73 0 25 -64 47 61 -32
0 0 0 0 0 0 0 0 0 0 0 0 0 0 0 0 0 0 0 0 0 0 0 0 0 0 0 60 6 -4 15 -81 62 96 -77 3 31 91 -29 77 -6 16 24 -17 48 -100 98 87 -77 87 17 62 70 78 -9 -84 36 1 -45 9 -46 26 -32 -18 -28 -14 40 47 -67 44 24 -13 74 95 -88 -89 -75 60 100 17 -96 -69 -60 12 16 -100 9 -49 76 -67 66 -23 -60 -30 -77 67 -8 -36 -79 -5
0 0 0 0 0 0 0 0 0 0 0 0 0 0 0 0 0 0 0 0 0 0 0 0 0 0 0 0 70 66 -58 -87 1 60 -22 85 79 93 -41 9 67 -77 80 -76 -100 -46 22 -81 -67 51 -43 32 74 13 -98 -98 78 -13 -70 8 77 -67 22 -82 -42 -2 -78 87 -74 -74 -20 -6 -24 -65 -3 98 92 -66 64 73 -64 -83 35 44 -98 56 66 -58 12 -11 84 -46 60 91 -62 5 57 75 13 -45
0 0 0 0 0 0 0 0 0 0 0 0 0 0 0 0 0 0 0 0 0 0 0 0 0 0 0 0 0 -78 -75 -65 92 -69 50 86 -2 -11 9 -20 -65 -37 -30 65 -79 -37 41 53 53 84 55 -28 99 76 -94 68 -23 -48 32 55 30 -52 91 0 -25 65 -87 100 -39 26 -2 -72 -39 27 63 52 -82 35 -97 -8 -19 -67 -1 45 7 -7 39 74 -56 95 20 97 -82 -96 50 -83 -97 -33 -45 -90
0 0 0 0 0 0 0 0 0 0 0 0 0 0 0 0 0 0 0 0 0 0 0 0 0 0 0 0 0 0 -85 1 29 -27 60 82 28 96 6 8 79 2 -79 63 37 37 57 -61 -29 -79 -21 -80 30 -48 -61 37 -17 0 50 62 95 66 74 64 -84 -21 78 11 86 -39 -86 -38 -78 11 -71 16 56 55 -86 -21 70 89 68 89 -56 -70 -97 81 -65 79 -98 -59 27 -12 33 32 100 84 -34 -58
0 0 0 0 0 0 0 0 0 0 0 0 0 0 0 0 0 0 0 0 0 0 0 0 0 0 0 0 0 0 0 -5 -68 91 99 -32 87 -70 97 -93 -15 9 -31 34 -84 -33 82 47 60 -81 27 16 30 -8 -86 27 45 -58 -6 -60 -35 97 -74 46 72 85 -71 -42 89 30 -100 -89 -97 -38 -89 20 -7 -2 -62 -55 -91 41 82 89 67 7 -43 -18 -37 6 84 -19 -31 -81 46 -5 -70 28 72 -87
0 0 0 0 0 0 0 0 0 0 0 0 0 0 0 0 0 0 0 0 0 0 0 0 0 0 0 0 0 0 0 0 -55 -43 32 -89 2 -83 19 -28 98 -21 -17 -78 41 16 -98 -6 -49 -26 44 100 -23 89 59 -38 18 -6 51 26 97 98 -50 87 39 94 -38 -62 -99 4 -94 -41 38 -12 62 77 -98 -15 -100 94 68 -4 88 86 -22 -74 -48 35 -40 7 25 -85 -64 82 -29 -77 -89 -41 33 5
0 0 0 0 0 0 0 0 0 0 0 0 0 0 0 0 0 0 0 0 0 0 0 0 0 0 0 0 0 0 0 0 0 79 -5 17 91 -79 48 -76 29 -66 63 0 -81 51 45 -85 11 69 -67 -40 -26 -34 -20 0 79 88 -17 -19 15 -31 -41 -81 -49 -66 99 97 49 -73 -61 -73 -58 15 19 -20 4 -70 37 -9 97 -47 15 -22 18 -33 -70 -77 -60 75 -23 80 78 54 -90 -45 -17 -63 -77 82
0 0 0 0 0 0 0 0 0 0 0 0 0 0 0 0 0 0 0 0 0 0 0 0 0 0 0 0 0 0 0 0 0 0 -37 -9 1 31 -88 73 -24 -34 -56 -93 3 15 42 91 40 -37 -76 18 -74 -65 -69 -97 -85 99 -44 -67 -50 2 -5 75 61 65 -79 49 50 -34 -81 -95 -84 -50 65 13 -68 -77 -16 -69 -90 18 -88 -57 46 10 85 1 27 -93 -3 74 9 -56 -10 -46 -53 -30 -29 14
0 0 0 0 0 0 0 0 0 0 0 0 0 0 0 0 0 0 0 0 0 0 0 0 0 0 0 0 0 0 0 0 0 0 0 -62 -92 57 58 57 -38 65 -25 27 5 40 22 -85 -78 -29 -2 -65 7 -49 64 34 -37 61 39 -96 -3 100 82 -9 22 39 100 24 -12 44 28 -18 -1 -31 -54 -94 -19 52 -44 -93 99 -29 -86 20 35 -9 96 49 -41 -60 -75 -37 68 -39 -32 36 88 -86 95 -44
0 0 0 0 0 0 0 0 0 0 0 0 0 0 0 0 0 0 0 0 0 0 0 0 0 0 0 0 0 0 0 0 0 0 0 0 47 -1 -10 -56 -55 -40 51 -19 88 78 -9 51 -93 80 79 -10 45 44 -64 44 -52 26 38 -21 -56 25 -91 -77 -86 -41 54 -44 -95 34 22 -100 -16 57 -49 -67 -13 83 -55 -18 -85 -95 -63 50 80 -64 98 -72 34 -7 -82 -5 80 69 1 50 -75 -14 -23 -18
0 0 0 0 0 0 0 0 0 0 0 0 0 0 0 0 0 0 0 0 0 0 0 0 0 0 0 0 0 0 0 0 0 0 0 0 0 -66 -60 87 11 63 24 66 -19 -56 81 43 77 57 -9 -43 70 50 -56 -4 -22 87 76 -25 -68 -55 86 -100 79 46 0 97 45 -92 -54 54 -19 56 -44 63 44 -74 27 -64 -16 90 -81 -40 -12 -19 -58 62 -78 81 71 63 86 -15 14 -98 -33 -47 -37 77
0 0 0 0 0 0 0 0 0 0 0 0 0 0 0 0 0 0 0 0 0 0 0 0 0 0 0 0 0 0 0 0 0 0 0 0 0 0 -83 -11 -35 -73 84 -100 -88 -2 12 87 7 -58 5 26 -4 -11 39 -4 -75 22 47 66 94 75 -43 -59 15 -82 -92 -25 -95 -19 -34 -74 -82 -13 -57 -4 -59 87 -81 40 -77 -14 52 57 23 80 -93 10 67 -58 55 11 -60 -87 -75 -16 -48 -52 4 78
0 0 0 0 0 0 0 0 0 0 0 0 0 0 0 0 0 0 0 0 0 0 0 0 0 0 0 0 0 0 0 0 0 0 0 0 0 0 0 41 84 86 38 -33 69 -28 -24 -40 -76 -88 0 46 40 25 -61 -87 -8 -100 9 -78 -25 69 60 53 22 -49 -76 -94 -48 -57 63 -26 -80 21 -71 -22 100 1 20 25 69 -33 -77 64 39 -1 -53 -6 -3 -6 -53 14 -89 -33 12 19 -33 -43 -32 44
0 0 0 0 0 0 0 0 0 0 0 0 0 0 0 0 0 0 0 0 0 0 0 0 0 0 0 0 0 0 0 0 0 0 0 0 0 0 0 0 -85 -62 92 78 70 -76 -79 71 -12 38 5 93 50 -42 41 -85 -1 33 7 37 75 21 46 -40 21 -24 -80 1 82 -92 28 46 32 46 73 58 -63 -70 93 14 -56 -58 -46 -51 -68 -90 8 -80 74 11 -49 60 -63 52 -34 -19 86 -83 -78 -1
0 0 0 0 0 0 0 0 0 0 0 0 0 0 0 0 0 0 0 0 0 0 0 0 0 0 0 0 0 0 0 0 0 0 0 0 0 0 0 0 0 42 1 41 -17 -30 33 17 -97 79 59 50 33 100 7 -72 6 -62 -63 45 50 49 94 -75 -73 44 99 -75 -27 37 -12 5 -33 -2 67 24 46 55 21 -91 -56 -30 3 -64 58 55 74 77 2 -91 1 -16 76 -40 -88 90 21 -32 -5 -95
0 0 0 0 0 0 0 0 0 0 0 0 0 0 0 0 0 0 0 0 0 0 0 0 0 0 0 0 0 0 0 0 0 0 0 0 0 0 0 0 0 0 -14 -23 -21 -29 25 78 75 -75 -42 -66 -24 90 13 98 -18 -32 86 6 54 65 -78 -52 13 -46 4 89 24 94 32 -5 -86 31 -60 -84 -21 81 29 3 -66 99 34 45 -93 -56 -51 -49 -86 -37 -92 16 -88 -8 80 -50 -30 -6 18 29
0 0 0 0 0 0 0 0 0 0 0 0 0 0 0 0 0 0 0 0 0 0 0 0 0 0 0 0 0 0 0 0 0 0 0 0 0 0 0 0 0 0 0 1 62 -69 74 -93 -39 -5 25 52 14 -55 21 50 41 -11 -12 -59 -34 91 76 -77 -28 -93 -2 -88 -59 46 99 -46 -44 65 -43 73 -48 -32 66 4 31 -95 99 96 74 -98 21 -67 65 -56 53 -98 -43 -36 55 -22 82 81 64 -30
0 0 0 0 0 0 0 0 0 0 0 0 0 0 0 0 0 0 0 0 0 0 0 0 0 0 0 0 0 0 0 0 0 0 0 0 0 0 0 0 0 0 0 0 8 -4 -11 17 -36 -45 19 -23 73 33 59 1 49 -74 -99 30 69 -5 43 65 52 55 -28 -24 75 -73 23 -84 -14 -30 63 -17 -30 -34 67 82 66 -24 -52 -62 32 95 -39 -86 53 3 69 -19 74 -65 84 -94 67 27 -25 -34
0 0 0 0 0 0 0 0 0 0 0 0 0 0 0 0 0 0 0 0 0 0 0 0 0 0 0 0 0 0 0 0 0 0 0 0 0 0 0 0 0 0 0 0 0 7 3 -1 88 -91 49 81 46 -52 -13 85 82 -44 75 36 63 100 21 71 -9 29 -24 -57 68 42 -54 -25 -76 20 -68 89 -34 85 43 95 -54 74 -15 67 -78 -44 -10 -43 90 -22 7 -16 -5 -34 49 -25 18 -70 20 -87
0 0 0 0 0 0 0 0 0 0 0 0 0 0 0 0 0 0 0 0 0 0 0 0 0 0 0 0 0 0 0 0 0 0 0 0 0 0 0 0 0 0 0 0 0 0 62 49 48 58 -82 20 -51 28 -70 74 -3 35 -24 5 -87 -62 -65 -49 -13 4 45 17 -64 -20 83 -54 99 -80 24 -15 61 -55 -20 62 -86 -99 15 -30 -47 94 98 -57 47 95 -60 25 95 99 -78 -67 57 11 62 9
0 0 0 0 0 0 0 0 0 0 0 0 0 0 0 0 0 0 0 0 0 0 0 0 0 0 0 0 0 0 0 0 0 0 0 0 0 0 0 0 0 0 0 0 0 0 0 3 9 22 -2 -99 -91 36 -49 87 -5 -97 -18 93 35 -52 -96 73 -99 60 87 -37 -43 77 -12 -21 -67 -74 -2 28 50 -22 -58 -84 -89 -24 -26 16 86 33 52 34 -14 11 75 -66 -13 25 -9 92 -52 -58 3 -96
0 0 0 0 0 0 0 0 0 0 0 0 0 0 0 0 0 0 0 0 0 0 0 0 0 0 0 0 0 0 0 0 0 0 0 0 0 0 0 0 0 0 0 0 0 0 0 0 -42 -43 86 -67 -46 87 -95 50 29 -57 -69 -7 82 66 -91 -4 63 -35 97 36 59 -88 52 -88 69 -73 67 -95 -88 76 -71 6 13 -3 -69 40 -36 21 79 -61 -48 77 75 61 -98 -23 7 69 -75 69 33 -31
0 0 0 0 0 0 0 0 0 0 0 0 0 0 0 0 0 0 0 0 0 0 0 0 0 0 0 0 0 0 0 0 0 0 0 0 0 0 0 0 0 0 0 0 0 0 0 0 0 59 55 79 -65 7 -74 30 84 58 -70 -28 -71 100 -73 27 -50 55 -49 99 -33 33 -49 -9 80 4 -25 -59 -90 40 27 -47 76 23 -16 -40 -100 -97 71 -78 -72 46 71 26 -62 -77 99 30 -81 85 85 -75
0 0 0 0 0 0 0 0 0 0 0 0 0 0 0 0 0 0 0 0 0 0 0 0 0 0 0 0 0 0 0 0 0 0 0 0 0 0 0 0 0 0 0 0 0 0 0 0 0 0 -35 64 -41 16 -25 -33 18 -88 -75 -56 -90 -26 -8 73 -20 9 89 -71 -76 94 -89 -98 -65 69 65 -57 -16 -9 12 59 -32 87 -77 -5 -13 -54 -71 2 2 16 -31 -2 76 22 7 66 -58 -72 -67 78
0 0 0 0 0 0 0 0 0 0 0 0 0 0 0 0 0 0 0 0 0 0 0 0 0 0 0 0 0 0 0 0 0 0 0 0 0 0 0 0 0 0 0 0 0 0 0 0 0 0 0 85 -85 -60 -74 6 51 23 45 73 12 -54 56 -3 99 -9 56 -93 75 86 -67 23 24 -72 5 12 -89 -84 -34 67 -20 -97 80 73 34 96 90 47 85 44 -43 71 -14 32 33 76 79 58 -76 10
0 0 0 0 0 0 0 0 0 0 0 0 0 0 0 0 0 0 0 0 0 0 0 0 0 0 0 0 0 0 0 0 0 0 0 0 0 0 0 0 0 0 0 0 0 0 0 0 0 0 0 0 69 86 -37 23 -12 69 73 64 -2 -62 42 56 -87 -98 64 -60 29 20 26 -58 -81 92 25 -18 -39 -16 -29 -88 29 -43 40 64 -4 3 -40 -80 17 13 46 14 -78 27 14 -20 -70 27 90 67
0 0 0 0 0 0 0 0 0 0 0 0 0 0 0 0 0 0 0 0 0 0 0 0 0 0 0 0 0 0 0 0 0 0 0 0 0 0 0 0 0 0 0 0 0 0 0 0 0 0 0 0 0 -96 -74 3 5 -91 42 40 -100 -77 54 58 63 -23 30 43 -48 67 71 16 -13 -7 -87 -43 16 -16 43 96 58 53 21 83 68 -7 83 15 -71 -76 94 68 -44 -100 -13 -10 62 -26 40 33
0 0 0 0 0 0 0 0 0 0 0 0 0 0 0 0 0 0 0 0 0 0 0 0 0 0 0 0 0 0 0 0 0 0 0 0 0 0 0 0 0 0 0 0 0 0 0 0 0 0 0 0 0 0 -5 79 -73 -89 -58 26 -65 83 90 84 4 -73 -35 56 -50 -52 -70 0 -45 17 100 -52 83 -14 -73 93 6 -89 62 72 50 -69 97 15 17 68 50 29 -66 27 -99 35 88 -88 41 10
0 0 0 0 0 0 0 0 0 0 0 0 0 0 0 0 0 0 0 0 0 0 0 0 0 0 0 0 0 0 0 0 0 0 0 0 0 0 0 0 0 0 0 0 0 0 0 0 0 0 0 0 0 0 0 49 23 30 99 -55 77 48 -56 87 -68 -74 -1 68 53 55 -18 29 -2 7 55 77 95 -37 -30 1 -13 -25 15 -66 -65 5 54 79 91 31 -24 79 40 -20 82 88 41 61 -45 -49
0 0 0 0 0 0 0 0 0 0 0 0 0 0 0 0 0 0 0 0 0 0 0 0 0 0 0 0 0 0 0 0 0 0 0 0 0 0 0 0 0 0 0 0 0 0 0 0 0 0 0 0 0 0 0 0 -47 59 82 -26 75 -12 72 -67 81 66 -55 28 38 77 63 -18 81 -71 94 -10 43 22 49 46 70 81 6 72 91 36 -27 8 -97 33 -73 -94 -3 -63 -87 71 -86 -49 -32 92
0 0 0 0 0 0 0 0 0 0 0 0 0 0 0 0 0 0 0 0 0 0 0 0 0 0 0 0 0 0 0 0 0 0 0 0 0 0 0 0 0 0 0 0 0 0 0 0 0 0 0 0 0 0 0 0 0 -59 -27 74 -36 -63 -85 76 100 -25 -48 92 38 -92 -9 15 -74 57 72 89 43 -43 90 65 43 -1 -40 30 100 78 -27 77 70 -88 -3 -1 6 75 -20 41 -87 -97 90 -36
0 0 0 0 0 0 0 0 0 0 0 0 0 0 0 0 0 0 0 0 0 0 0 0 0 0 0 0 0 0 0 0 0 0 0 0 0 0 0 0 0 0 0 0 0 0 0 0 0 0 0 0 0 0 0 0 0 0 -49 58 99 13 -43 62 80 81 65 -6 93 50 39 89 54 -50 98 85 -51 -25 14 -55 74 -81 -53 -56 88 31 -70 -4 -90 9 -29 42 -33 -67 -59 49 -35 -99 -16 19
0 0 0 0 0 0 0 0 0 0 0 0 0 0 0 0 0 0 0 0 0 0 0 0 0 0 0 0 0 0 0 0 0 0 0 0 0 0 0 0 0 0 0 0 0 0 0 0 0 0 0 0 0 0 0 0 0 0 0 81 -61 -90 -61 -18 52 -87 98 60 57 69 -23 25 46 40 -9 -82 100 81 -19 34 -44 -53 33 -83 29 -60 6 39 37 3 -77 -11 -44 -46 69 -16 -16 -8 -25 -45
0 0 0 0 0 0 0 0 0 0 0 0 0 0 0 0 0 0 0 0 0 0 0 0 0 0 0 0 0 0 0 0 0 0 0 0 0 0 0 0 0 0 0 0 0 0 0 0 0 0 0 0 0 0 0 0 0 0 0 0 92 58 35 21 43 92 66 -98 -71 71 -12 14 -39 64 57 59 -38 -90 74 -18 -3 -71 -2 -35 38 85 -28 -94 32 97 -5 31 30 14 24 -89 -25 66 -51 -18
0 0 0 0 0 0 0 0 0 0 0 0 0 0 0 0 0 0 0 0 0 0 0 0 0 0 0 0 0 0 0 0 0 0 0 0 0 0 0 0 0 0 0 0 0 0 0 0 0 0 0 0 0 0 0 0 0 0 0 0 0 31 -79 -76 -58 97 37 36 -99 60 -84 -47 71 61 98 -46 75 8 -74 -48 37 79 89 98 11 65 -82 91 75 -61 -94 17 83 -16 -91 -78 -82 -87 -55 -36
0 0 0 0 0 0 0 0 0 0 0 0 0 0 0 0 0 0 0 0 0 0 0 0 0 0 0 0 0 0 0 0 0 0 0 0 0 0 0 0 0 0 0 0 0 0 0 0 0 0 0 0 0 0 0 0 0 0 0 0 0 0 42 -82 47 -42 -34 4 -1 15 61 3 10 -20 -96 -1 72 -70 36 -99 64 84 58 -84 93 90 49 -89 79 -82 -9 28 -73 -26 75 -23 55 -78 -28 95
0 0 0 0 0 0 0 0 0 0 0 0 0 0 0 0 0 0 0 0 0 0 0 0 0 0 0 0 0 0 0 0 0 0 0 0 0 0 0 0 0 0 0 0 0 0 0 0 0 0 0 0 0 0 0 0 0 0 0 0 0 0 0 12 -3 1 69 -93 21 -60 36 -44 -66 91 0 39 -25 62 -64 -24 73 86 65 -5 -98 41 42 -64 -69 -90 -99 46 52 0 37 40 -79 -22 -47 91
0 0 0 0 0 0 0 0 0 0 0 0 0 0 0 0 0 0 0 0 0 0 0 0 0 0 0 0 0 0 0 0 0 0 0 0 0 0 0 0 0 0 0 0 0 0 0 0 0 0 0 0 0 0 0 0 0 0 0 0 0 0 0 0 89 85 -12 -46 5 65 31 -64 -59 -53 -44 57 -36 -51 -71 -54 71 45 -87 92 40 18 65 40 -82 -26 71 -83 -36 -75 -50 85 48 24 -16 -9
0 0 0 0 0 0 0 0 0 0 0 0 0 0 0 0 0 0 0 0 0 0 0 0 0 0 0 0 0 0 0 0 0 0 0 0 0 0 0 0 0 0 0 0 0 0 0 0 0 0 0 0 0 0 0 0 0 0 0 0 0 0 0 0 0 -68 71 67 -40 -75 -28 58 -83 -51 -19 24 15 -16 57 68 -22 77 49 -61 44 45 -7 -20 9 -57 -99 -20 -37 -44 82 89 64 11 -30 -8
0 0 0 0 0 0 0 0 0 0 0 0 0 0 0 0 0 0 0 0 0 0 0 0 0 0 0 0 0 0 0 0 0 0 0 0 0 0 0 0 0 0 0 0 0 0 0 0 0 0 0 0 0 0 0 0 0 0 0 0 0 0 0 0 0 0 -66 73 87 -16 22 18 14 -9 98 -22 24 41 -73 -56 65 55 -80 -29 -65 37 -50 -33 87 60 -81 86 -81 -96 29 61 -93 48 48 3
0 0 0 0 0 0 0 0 0 0 0 0 0 0 0 0 0 0 0 0 0 0 0 0 0 0 0 0 0 0 0 0 0 0 0 0 0 0 0 0 0 0 0 0 0 0 0 0 0 0 0 0 0 0 0 0 0 0 0 0 0 0 0 0 0 0 0 96 51 -46 -91 41 -34 39 38 20 67 98 -62 -7 0 -43 97 50 87 -26 -66 18 28 30 -77 1 -7 28 -98 69 -39 57 75 -58
0 0 0 0 0 0 0 0 0 0 0 0 0 0 0 0 0 0 0 0 0 0 0 0 0 0 0 0 0 0 0 0 0 0 0 0 0 0 0 0 0 0 0 0 0 0 0 0 0 0 0 0 0 0 0 0 0 0 0 0 0 0 0 0 0 0 0 0 93 31 -65 14 -60 -55 44 44 68 -63 88 87 23 -9 -90 -44 94 24 -41 -84 -33 -6 -41 -90 71 -48 32 -8 -1 20 16 -89
0 0 0 0 0 0 0 0 0 0 0 0 0 0 0 0 0 0 0 0 0 0 0 0 0 0 0 0 0 0 0 0 0 0 0 0 0 0 0 0 0 0 0 0 0 0 0 0 0 0 0 0 0 0 0 0 0 0 0 0 0 0 0 0 0 0 0 0 0 -90 66 -18 -74 80 33 62 -30 89 -33 48 39 45 -56 -4 67 -4 -7 50 67 -81 32 -36 -4 -43 32 3 -10 -12 24 23
0 0 0 0 0 0 0 0 0 0 0 0 0 0 0 0 0 0 0 0 0 0 0 0 0 0 0 0 0 0 0 0 0 0 0 0 0 0 0 0 0 0 0 0 0 0 0 0 0 0 0 0 0 0 0 0 0 0 0 0 0 0 0 0 0 0 0 0 0 0 54 -99 28 -65 12 -58 -42 -81 31 64 -29 -46 -62 -53 -60 -8 54 83 -70 69 -42 6 -16 84 -71 23 72 22 22 -47
0 0 0 0 0 0 0 0 0 0 0 0 0 0 0 0 0 0 0 0 0 0 0 0 0 0 0 0 0 0 0 0 0 0 0 0 0 0 0 0 0 0 0 0 0 0 0 0 0 0 0 0 0 0 0 0 0 0 0 0 0 0 0 0 0 0 0 0 0 0 0 51 -59 65 5 -95 -38 -89 -68 46 51 -59 -66 61 31 -90 46 -63 -86 -58 -34 -54 32 3 53 44 63 -96 84 86
0 0 0 0 0 0 0 0 0 0 0 0 0 0 0 0 0 0 0 0 0 0 0 0 0 0 0 0 0 0 0 0 0 0 0 0 0 0 0 0 0 0 0 0 0 0 0 0 0 0 0 0 0 0 0 0 0 0 0 0 0 0 0 0 0 0 0 0 0 0 0 0 69 -28 -79 -45 14 55 20 23 -57 -44 5 53 -64 49 96 -54 59 68 30 -33 -58 85 75 -13 16 52 51 -83
0 0 0 0 0 0 0 0 0 0 0 0 0 0 0 0 0 0 0 0 0 0 0 0 0 0 0 0 0 0 0 0 0 0 0 0 0 0 0 0 0 0 0 0 0 0 0 0 0 0 0 0 0 0 0 0 0 0 0 0 0 0 0 0 0 0 0 0 0 0 0 0 0 -42 -4 -2 -67 -73 -96 -49 33 29 75 7 -62 55 -76 -55 21 57 53 -91 100 36 28 92 -70 -77 23 68
0 0 0 0 0 0 0 0 0 0 0 0 0 0 0 0 0 0 0 0 0 0 0 0 0 0 0 0 0 0 0 0 0 0 0 0 0 0 0 0 0 0 0 0 0 0 0 0 0 0 0 0 0 0 0 0 0 0 0 0 0 0 0 0 0 0 0 0 0 0 0 0 0 0 -67 54 38 -100 98 73 66 10 33 7 -6 -89 78 35 9 -42 23 96 -3 -11 50 89 94 78 47 -75
0 0 0 0 0 0 0 0 0 0 0 0 0 0 0 0 0 0 0 0 0 0 0 0 0 0 0 0 0 0 0 0 0 0 0 0 0 0 0 0 0 0 0 0 0 0 0 0 0 0 0 0 0 0 0 0 0 0 0 0 0 0 0 0 0 0 0 0 0 0 0 0 0 0 0 8 -66 -35 22 96 -41 -79 -28 53 39 4 -35 -52 -99 81 90 -99 47 33 -70 33 -99 -4 67 -48
0 0 0 0 0 0 0 0 0 0 0 0 0 0 0 0 0 0 0 0 0 0 0 0 0 0 0 0 0 0 0 0 0 0 0 0 0 0 0 0 0 0 0 0 0 0 0 0 0 0 0 0 0 0 0 0 0 0 0 0 0 0 0 0 0 0 0 0 0 0 0 0 0 0 0 0 76 -20 4 -8 -73 -61 9 66 49 -36 -34 37 8 44 -7 56 -30 74 1 93 -48 5 41 100
0 0 0 0 0 0 0 0 0 0 0 0 0 0 0 0 0 0 0 0 0 0 0 0 0 0 0 0 0 0 0 0 0 0 0 0 0 0 0 0 0 0 0 0 0 0 0 0 0 0 0 0 0 0 0 0 0 0 0 0 0 0 0 0 0 0 0 0 0 0 0 0 0 0 0 0 0 42 23 -55 -6 43 42 23 -36 -22 47 -12 98 80 1 88 -65 68 -70 91 -42 14 100 79
0 0 0 0 0 0 0 0 0 0 0 0 0 0 0 0 0 0 0 0 0 0 0 0 0 0 0 0 0 0 0 0 0 0 0 0 0 0 0 0 0 0 0 0 0 0 0 0 0 0 0 0 0 0 0 0 0 0 0 0 0 0 0 0 0 0 0 0 0 0 0 0 0 0 0 0 0 0 -59 -75 -46 30 2 -14 40 57 78 75 80 -87 -59 -1 62 -99 -77 -63 20 53 11 -78
0 0 0 0 0 0 0 0 0 0 0 0 0 0 0 0 0 0 0 0 0 0 0 0 0 0 0 0 0 0 0 0 0 0 0 0 0 0 0 0 0 0 0 0 0 0 0 0 0 0 0 0 0 0 0 0 0 0 0 0 0 0 0 0 0 0 0 0 0 0 0 0 0 0 0 0 0 0 0 -84 -33 -44 -6 -80 55 -91 85 -2 2 57 67 33 -27 82 52 -86 98 -56 63 26
0 0 0 0 0 0 0 0 0 0 0 0 0 0 0 0 0 0 0 0 0 0 0 0 0 0 0 0 0 0 0 0 0 0 0 0 0 0 0 0 0 0 0 0 0 0 0 0 0 0 0 0 0 0 0 0 0 0 0 0 0 0 0 0 0 0 0 0 0 0 0 0 0 0 0 0 0 0 0 0 12 -98 -49 68 32 -27 -51 -92 100 53 30 32 78 -41 57 -57 72 -91 -8 -39
0 0 0 0 0 0 0 0 0 0 0 0 0 0 0 0 0 0 0 0 0 0 0 0 0 0 0 0 0 0 0 0 0 0 0 0 0 0 0 0 0 0 0 0 0 0 0 0 0 0 0 0 0 0 0 0 0 0 0 0 0 0 0 0 0 0 0 0 0 0 0 0 0 0 0 0 0 0 0 0 0 67 -100 -60 -78 -30 99 2 -10 71 1 3 50 -49 32 -97 88 80 -83 -77
0 0 0 0 0 0 0 0 0 0 0 0 0 0 0 0 0 0 0 0 0 0 0 0 0 0 0 0 0 0 0 0 0 0 0 0 0 0 0 0 0 0 0 0 0 0 0 0 0 0 0 0 0 0 0 0 0 0 0 0 0 0 0 0 0 0 0 0 0 0 0 0 0 0 0 0 0 0 0 0 0 0 40 -28 85 43 49 -11 -12 -30 -43 55 -51 16 3 47 -99 -34 -56 4
0 0 0 0 0 0 0 0 0 0 0 0 0 0 0 0 0 0 0 0 0 0 0 0 0 0 0 0 0 0 0 0 0 0 0 0 0 0 0 0 0 0 0 0 0 0 0 0 0 0 0 0 0 0 0 0 0 0 0 0 0 0 0 0 0 0 0 0 0 0 0 0 0 0 0 0 0 0 0 0 0 0 0 29 -73 43 -82 28 -25 -13 -71 31 -35 37 47 -36 77 13 -4 44
0 0 0 0 0 0 0 0 0 0 0 0 0 0 0 0 0 0 0 0 0 0 0 0 0 0 0 0 0 0 0 0 0 0 0 0 0 0 0 0 0 0 0 0 0 0 0 0 0 0 0 0 0 0 0 0 0 0 0 0 0 0 0 0 0 0 0 0 0 0 0 0 0 0 0 0 0 0 0 0 0 0 0 0 23 97 -38 93 -14 98 17 74 17 50 -93 23 -71 -34 -83 -3
0 0 0 0 0 0 0 0 0 0 0 0 0 0 0 0 0 0 0 0 0 0 0 0 0 0 0 0 0 0 0 0 0 0 0 0 0 0 0 0 0 0 0 0 0 0 0 0 0 0 0 0 0 0 0 0 0 0 0 0 0 0 0 0 0 0 0 0 0 0 0 0 0 0 0 0 0 0 0 0 0 0 0 0 0 62 -44 73 79 -42 -20 5 -10 32 37 -98 79 -33 -37 -27
0 0 0 0 0 0 0 0 0 0 0 0 0 0 0 0 0 0 0 0 0 0 0 0 0 0 0 0 0 0 0 0 0 0 0 0 0 0 0 0 0 0 0 0 0 0 0 0 0 0 0 0 0 0 0 0 0 0 0 0 0 0 0 0 0 0 0 0 0 0 0 0 0 0 0 0 0 0 0 0 0 0 0 0 0 0 -77 2 72 91 -13 -81 41 -55 21 -20 -10 -45 46 -32
0 0 0 0 0 0 0 0 0 0 0 0 0 0 0 0 0 0 0 0 0 0 0 0 0 0 0 0 0 0 0 0 0 0 0 0 0 0 0 0 0 0 0 0 0 0 0 0 0 0 0 0 0 0 0 0 0 0 0 0 0 0 0 0 0 0 0 0 0 0 0 0 0 0 0 0 0 0 0 0 0 0 0 0 0 0 0 -54 91 74 -52 27 88 -49 -40 88 -39 -33 -48 -42
0 0 0 0 0 0 0 0 0 0 0 0 0 0 0 0 0 0 0 0 0 0 0 0 0 0 0 0 0 0 0 0 0 0 0 0 0 0 0 0 0 0 0 0 0 0 0 0 0 0 0 0 0 0 0 0 0 0 0 0 0 0 0 0 0 0 0 0 0 0 0 0 0 0 0 0 0 0 0 0 0 0 0 0 0 0 0 0 -49 -37 58 -9 -61 99 -73 -70 -80 73 69 26
0 0 0 0 0 0 0 0 0 0 0 0 0 0 0 0 0 0 0 0 0 0 0 0 0 0 0 0 0 0 0 0 0 0 0 0 0 0 0 0 0 0 0 0 0 0 0 0 0 0 0 0 0 0 0 0 0 0 0 0 0 0 0 0 0 0 0 0 0 0 0 0 0 0 0 0 0 0 0 0 0 0 0 0 0 0 0 0 0 57 -99 95 38 -90 23 -5 58 -20 26 47
0 0 0 0 0 0 0 0 0 0 0 0 0 0 0 0 0 0 0 0 0 0 0 0 0 0 0 0 0 0 0 0 0 0 0 0 0 0 0 0 0 0 0 0 0 0 0 0 0 0 0 0 0 0 0 0 0 0 0 0 0 0 0 0 0 0 0 0 0 0 0 0 0 0 0 0 0 0 0 0 0 0 0 0 0 0 0 0 0 0 -30 25 -54 95 30 -29 1 -44 92 47
0 0 0 0 0 0 0 0 0 0 0 0 0 0 0 0 0 0 0 0 0 0 0 0 0 0 0 0 0 0 0 0 0 0 0 0 0 0 0 0 0 0 0 0 0 0 0 0 0 0 0 0 0 0 0 0 0 0 0 0 0 0 0 0 0 0 0 0 0 0 0 0 0 0 0 0 0 0 0 0 0 0 0 0 0 0 0 0 0 0 0 -68 -87 34 8 22 38 -92 28 -12
0 0 0 0 0 0 0 0 0 0 0 0 0 0 0 0 0 0 0 0 0 0 0 0 0 0 0 0 0 0 0 0 0 0 0 0 0 0 0 0 0 0 0 0 0 0 0 0 0 0 0 0 0 0 0 0 0 0 0 0 0 0 0 0 0 0 0 0 0 0 0 0 0 0 0 0 0 0 0 0 0 0 0 0 0 0 0 0 0 0 0 0 0 75 98 -56 17 -70 78 32
0 0 0 0 0 0 0 0 0 0 0 0 0 0 0 0 0 0 0 0 0 0 0 0 0 0 0 0 0 0 0 0 0 0 0 0 0 0 0 0 0 0 0 0 0 0 0 0 0 0 0 0 0 0 0 0 0 0 0 0 0 0 0 0 0 0 0 0 0 0 0 0 0 0 0 0 0 0 0 0 0 0 0 0 0 0 0 0 0 0 0 0 0 17 -20 76 -98 -97 72 -47
0 0 0 0 0 0 0 0 0 0 0 0 0 0 0 0 0 0 0 0 0 0 0 0 0 0 0 0 0 0 0 0 0 0 0 0 0 0 0 0 0 0 0 0 0 0 0 0 0 0 0 0 0 0 0 0 0 0 0 0 0 0 0 0 0 0 0 0 0 0 0 0 0 0 0 0 0 0 0 0 0 0 0 0 0 0 0 0 0 0 0 0 0 0 -3 48 -75 -17 -8 56
0 0 0 0 0 0 0 0 0 0 0 0 0 0 0 0 0 0 0 0 0 0 0 0 0 0 0 0 0 0 0 0 0 0 0 0 0 0 0 0 0 0 0 0 0 0 0 0 0 0 0 0 0 0 0 0 0 0 0 0 0 0 0 0 0 0 0 0 0 0 0 0 0 0 0 0 0 0 0 0 0 0 0 0 0 0 0 0 0 0 0 0 0 0 0 -34 -53 40 -33 -40
0 0 0 0 0 0 0 0 0 0 0 0 0 0 0 0 0 0 0 0 0 0 0 0 0 0 0 0 0 0 0 0 0 0 0 0 0 0 0 0 0 0 0 0 0 0 0 0 0 0 0 0 0 0 0 0 0 0 0 0 0 0 0 0 0 0 0 0 0 0 0 0 0 0 0 0 0 0 0 0 0 0 0 0 0 0 0 0 0 0 0 0 0 0 0 0 -32 20 56 -13
0 0 0 0 0 0 0 0 0 0 0 0 0 0 0 0 0 0 0 0 0 0 0 0 0 0 0 0 0 0 0 0 0 0 0 0 0 0 0 0 0 0 0 0 0 0 0 0 0 0 0 0 0 0 0 0 0 0 0 0 0 0 0 0 0 0 0 0 0 0 0 0 0 0 0 0 0 0 0 0 0 0 0 0 0 0 0 0 0 0 0 0 0 0 0 0 0 -7 -53 27
0 0 0 0 0 0 0 0 0 0 0 0 0 0 0 0 0 0 0 0 0 0 0 0 0 0 0 0 0 0 0 0 0 0 0 0 0 0 0 0 0 0 0 0 0 0 0 0 0 0 0 0 0 0 0 0 0 0 0 0 0 0 0 0 0 0 0 0 0 0 0 0 0 0 0 0 0 0 0 0 0 0 0 0 0 0 0 0 0 0 0 0 0 0 0 0 0 0 8 -47
0 0 0 0 0 0 0 0 0 0 0 0 0 0 0 0 0 0 0 0 0 0 0 0 0 0 0 0 0 0 0 0 0 0 0 0 0 0 0 0 0 0 0 0 0 0 0 0 0 0 0 0 0 0 0 0 0 0 0 0 0 0 0 0 0 0 0 0 0 0 0 0 0 0 0 0 0 0 0 0 0 0 0 0 0 0 0 0 0 0 0 0 0 0 0 0 0 0 0 7
