25
7 6 6 3 2 7 2 4 7 7 4 4 4 7 3 7 2 4 3 7 7 6 7 6 6 
4 5 8 9 18 21 24
1 2 3 7 14 21
1 7 18 20 21 23
19 4 15
25 4
5 7 9 11 14 21 24
13 21
9 20 12 21
3 4 13 15 18 21 24
2 3 4 7 12 19 20
8 3 4 21
12 4 21 15
12 21 22 7
3 4 6 20 21 22 24
13 21 15
2 4 8 11 18 22 23
11 21
19 3 4 7
16 4 21
4 5 8 9 15 18 24
4 8 12 13 14 19 25
2 3 4 16 21 25
3 6 13 14 20 21 22
1 4 9 15 17 18
4 9 10 11 18 21
11 -60 16 -100 84 84 -33 28 95 -55 29 -73 60 -24 63 29 55 -50 -61 -5 95 -59 38 99 35
0 -100 53 -18 25 -96 -72 -8 -22 -39 -86 -39 45 -80 -79 87 24 -83 94 36 96 -68 -68 68 21
0 0 40 -58 -33 35 55 8 -46 38 93 86 76 -49 82 -21 2 71 66 -5 12 32 15 -70 -37
0 0 0 -43 -84 -14 -95 50 41 -42 50 -44 -99 -82 81 61 -85 -42 -83 -92 -16 -82 31 -40 -29
0 0 0 0 71 24 -46 38 -67 85 46 47 21 -38 100 21 4 -52 -76 -76 68 10 -10 8 5
0 0 0 0 0 19 86 -87 72 67 65 -75 -85 3 86 -14 -73 -37 -51 -52 37 14 -65 8 -54
0 0 0 0 0 0 -29 18 -37 -81 13 40 -75 -88 66 38 -97 -77 92 -40 -58 4 24 23 -46
0 0 0 0 0 0 0 2 -85 -58 -3 -100 -1 -33 100 100 16 -27 8 78 87 100 42 69 83
0 0 0 0 0 0 0 0 24 -61 -52 -25 -45 -86 48 88 38 -85 91 -20 -86 -88 49 22 28
0 0 0 0 0 0 0 0 0 35 -60 -86 30 -80 -53 -83 52 -83 72 -40 3 -70 45 -37 48
0 0 0 0 0 0 0 0 0 0 52 -90 58 -80 7 68 49 44 33 -20 -34 -48 71 83 -20
0 0 0 0 0 0 0 0 0 0 0 -39 -33 1 -67 71 65 -24 17 -20 92 -82 -98 17 59
0 0 0 0 0 0 0 0 0 0 0 0 44 -75 -82 37 -46 29 -33 -67 -11 -83 -38 -6 -28
0 0 0 0 0 0 0 0 0 0 0 0 0 -60 12 39 80 -23 56 67 35 -98 70 41 -24
0 0 0 0 0 0 0 0 0 0 0 0 0 0 69 -74 -66 -33 -71 -73 90 41 -61 -31 -28
0 0 0 0 0 0 0 0 0 0 0 0 0 0 0 54 -47 83 -13 -48 75 62 -33 29 25
0 0 0 0 0 0 0 0 0 0 0 0 0 0 0 0 -36 -87 -77 62 8 -30 -89 -100 -15
0 0 0 0 0 0 0 0 0 0 0 0 0 0 0 0 0 97 -67 63 -33 -59 89 13 41
0 0 0 0 0 0 0 0 0 0 0 0 0 0 0 0 0 0 80 9 43 -98 -72 -81 76
0 0 0 0 0 0 0 0 0 0 0 0 0 0 0 0 0 0 0 -62 39 -91 -6 49 41
0 0 0 0 0 0 0 0 0 0 0 0 0 0 0 0 0 0 0 0 -63 10 -68 -90 -22
0 0 0 0 0 0 0 0 0 0 0 0 0 0 0 0 0 0 0 0 0 -7 -90 -9 -47
0 0 0 0 0 0 0 0 0 0 0 0 0 0 0 0 0 0 0 0 0 0 74 -37 70
0 0 0 0 0 0 0 0 0 0 0 0 0 0 0 0 0 0 0 0 0 0 0 -74 -10
0 0 0 0 0 0 0 0 0 0 0 0 0 0 0 0 0 0 0 0 0 0 0 0 99
