50
4 4 2 2 4 2 5 7 2 7 3 9 20 7 6 8 2 14 5 18 5 3 6 8 15 9 6 2 8 5 6 15 2 8 6 3 3 6 3 3 11 16 3 13 2 12 2 21 2 7 
8 48 44 7
18 3 28 38
41 15
18 36
18 29 38 15
8 22
6 7 8 49 22
3 35 39 41 17 23 30
48 36
3 5 37 43 13 46 18
2 7 15
2 41 11 43 14 49 18 23 24
3 4 11 15 16 18 21 25 26 30 35 36 38 39 41 42 47 48 49 50
32 42 14 48 18 21 26
35 36 8 9 48 16
32 33 38 9 15 18 24 26
41 10
1 34 35 36 5 39 8 48 17 50 18 22 25 30
1 2 11 47 30
33 2 35 34 1 7 39 41 10 11 12 13 46 48 49 20 21 24
4 41 16 20 24
18 6 47
36 41 9 43 11 31
35 45 14 47 13 18 20 26
1 2 34 36 5 38 8 40 42 45 46 15 16 22 29
33 3 5 41 43 16 50 18 22
37 8 47 16 27 31
41 43
2 4 42 44 45 47 27 30
7 41 47 16 22
8 9 12 18 28 29
32 1 35 36 5 4 7 8 6 42 11 16 27 29 31
48 11
36 41 43 45 17 19 28 30
4 38 13 14 48 19
48 18 21
41 34 33
5 6 39 41 12 44
48 16 37
40 18 6
34 9 43 14 16 17 18 49 48 21 26
1 2 35 33 5 37 7 40 9 14 48 49 17 21 23 30
8 11 19
1 34 36 7 40 9 42 43 8 17 18 50 20
18 19
32 33 4 6 8 41 44 14 47 48 17 28
41 22
1 3 5 8 9 10 11 12 17 24 28 29 35 36 38 39 40 44 45 46 48
2 44
36 40 41 10 16 50 27
-59 -55 5 -94 -55 88 -15 100 5 71 88 -37 -32 -60 79 -73 -3 -91 20 -44 -49 17 -11 -22 -42 -43 -94 68 -51 2 -16 -29 -83 97 -29 -11 64 30 2 73 37 -16 -93 -71 -34 -55 48 -33 -91 -73
0 52 11 -12 86 -20 11 55 30 -71 -2 47 -52 -35 -89 81 11 -100 33 37 75 84 89 88 71 -50 -7 10 -83 70 -16 59 -20 69 -69 84 -24 29 -21 70 4 -17 3 78 -25 41 -68 -51 7 70
0 0 -3 73 91 -56 57 45 -23 3 40 -100 -23 -27 -47 10 48 55 67 -18 19 13 13 72 -46 30 21 88 -57 68 -79 -28 31 69 62 58 -15 -77 92 -40 72 -21 -43 -50 -63 -94 -89 -38 21 56
0 0 0 96 -82 16 6 61 47 -51 83 78 -2 26 2 -38 -63 67 76 -99 92 97 -73 99 8 -44 -55 78 32 18 -88 42 -37 -69 16 -66 18 70 35 43 52 -19 93 13 56 84 29 9 40 14
0 0 0 0 -60 90 21 15 -34 92 -37 63 -30 96 99 33 24 60 -39 -30 12 -81 82 -27 -40 -31 -15 -19 38 -80 -65 -62 -41 -2 77 -61 80 -46 -84 6 4 -16 38 19 6 -85 -48 7 -1 97
0 0 0 0 0 49 78 -95 95 47 -3 22 -99 -10 -24 92 -1 7 37 91 88 39 54 -44 24 -44 -31 11 24 -93 -1 -14 71 73 3 85 -58 19 -68 59 36 -94 0 51 44 69 -94 -79 64 9
0 0 0 0 0 0 -66 18 -54 -88 -34 -3 -17 -46 16 -17 -14 94 -3 -29 92 7 -36 -80 20 -96 91 38 -87 -11 -43 66 -83 99 66 -90 93 -93 -37 -49 -95 59 -61 -39 -68 21 71 -71 44 -45
0 0 0 0 0 0 0 19 79 -35 96 -6 -58 55 55 91 83 -71 99 -59 -21 -73 48 -94 -21 47 73 -4 1 83 -50 -81 51 76 60 -38 -74 78 97 -23 75 53 -70 44 100 -90 -12 36 9 69
0 0 0 0 0 0 0 0 -6 -83 29 65 -13 -97 7 25 -73 10 -8 62 17 81 -61 11 -55 87 33 66 -31 57 37 98 23 19 11 87 51 -32 -18 -38 -78 -29 15 -38 92 18 45 56 71 -3
0 0 0 0 0 0 0 0 0 -14 -93 26 -17 -54 24 -46 -10 -34 -13 -29 52 79 -30 42 -98 32 -52 -79 -39 84 4 25 42 94 -39 76 21 65 82 25 14 -96 -77 -25 -44 3 77 -38 -22 69
0 0 0 0 0 0 0 0 0 0 48 -6 21 41 35 -12 8 90 40 -16 -10 79 16 -31 -22 -36 -41 -70 84 -51 -20 -70 90 37 95 76 -53 -51 -45 89 23 -30 85 50 94 34 52 -28 -75 -51
0 0 0 0 0 0 0 0 0 0 0 -25 -42 -8 -55 -23 -97 81 36 -68 -30 -89 -87 41 -26 78 -68 63 92 25 -74 -97 46 -28 20 22 12 -13 -53 -87 -36 22 -71 -84 2 25 -82 47 61 75
0 0 0 0 0 0 0 0 0 0 0 0 -87 -62 -62 44 -23 -79 -37 -70 42 95 6 55 52 58 -43 98 33 -3 15 13 -24 50 9 -22 45 58 -85 56 89 -75 95 -47 60 -46 -33 69 -80 -60
0 0 0 0 0 0 0 0 0 0 0 0 0 -39 -56 41 -81 -60 -100 4 15 76 52 20 -26 -92 -41 -27 80 -28 79 16 -82 75 -41 -33 60 50 69 -50 8 -71 39 -43 65 -62 -32 -64 -82 -85
0 0 0 0 0 0 0 0 0 0 0 0 0 0 -58 -22 52 91 45 -27 12 -69 19 76 -23 79 3 -31 28 38 26 12 -80 53 -90 10 88 -18 54 -36 -94 -77 -42 72 47 50 -95 95 72 -32
0 0 0 0 0 0 0 0 0 0 0 0 0 0 0 47 -90 95 93 -56 20 32 66 13 -29 -54 49 11 62 25 -77 20 -11 4 -15 -18 71 -74 -59 -16 5 77 26 -27 69 2 94 40 -91 16
0 0 0 0 0 0 0 0 0 0 0 0 0 0 0 0 -78 -20 -36 -18 -71 97 3 31 -100 68 38 18 5 -87 -52 32 -8 59 93 27 60 13 94 -87 -48 -32 40 -67 -27 12 78 24 -69 -93
0 0 0 0 0 0 0 0 0 0 0 0 0 0 0 0 0 61 55 -39 81 -60 -21 41 -97 41 4 -77 -43 -71 18 -70 65 -61 27 83 -26 30 80 -31 6 23 20 -38 16 41 -63 -2 -52 53
0 0 0 0 0 0 0 0 0 0 0 0 0 0 0 0 0 0 30 91 -66 -83 -30 97 6 -13 29 -32 -100 -28 85 -24 50 48 68 25 -62 14 37 23 -12 -15 41 95 39 -4 16 -18 -52 78
0 0 0 0 0 0 0 0 0 0 0 0 0 0 0 0 0 0 0 -39 46 -2 -41 98 5 -89 -19 90 21 80 -3 -2 69 66 -62 26 -91 -68 28 51 -16 -75 12 -75 34 16 -97 84 -64 4
0 0 0 0 0 0 0 0 0 0 0 0 0 0 0 0 0 0 0 0 67 -61 -81 20 100 -33 -14 59 77 1 66 -80 -16 72 36 -3 -19 60 83 94 24 38 -91 58 -83 -40 61 75 -27 -42
0 0 0 0 0 0 0 0 0 0 0 0 0 0 0 0 0 0 0 0 0 91 -77 11 -75 94 62 80 -75 13 -58 77 -24 -93 -89 -17 -86 -25 -9 -5 10 -63 -38 35 5 44 74 -54 -57 -56
0 0 0 0 0 0 0 0 0 0 0 0 0 0 0 0 0 0 0 0 0 0 -80 56 -3 58 74 -39 27 49 -64 -41 18 63 -35 17 -35 70 -98 19 -27 73 39 -60 -82 13 -12 50 -24 63
0 0 0 0 0 0 0 0 0 0 0 0 0 0 0 0 0 0 0 0 0 0 0 8 76 -36 16 -23 -50 -2 23 -73 -40 -3 46 -9 47 -25 79 -25 -95 68 1 -30 -98 44 75 99 90 -88
0 0 0 0 0 0 0 0 0 0 0 0 0 0 0 0 0 0 0 0 0 0 0 0 55 90 27 -27 98 -42 55 -10 -44 62 -52 58 -36 73 93 84 96 68 74 -65 60 -76 60 65 -90 -21
0 0 0 0 0 0 0 0 0 0 0 0 0 0 0 0 0 0 0 0 0 0 0 0 0 12 -92 48 -7 87 -67 -77 -25 -17 91 6 -56 -49 -67 38 -7 35 28 -31 -58 -35 23 -25 91 -14
0 0 0 0 0 0 0 0 0 0 0 0 0 0 0 0 0 0 0 0 0 0 0 0 0 0 -71 19 -81 -64 93 -43 73 85 72 1 42 -7 -77 1 -97 -33 37 -69 16 -6 72 91 72 -33
0 0 0 0 0 0 0 0 0 0 0 0 0 0 0 0 0 0 0 0 0 0 0 0 0 0 0 49 -3 63 -5 -73 72 -41 20 -94 58 43 -17 56 -44 65 -84 62 18 79 -23 66 4 -71
0 0 0 0 0 0 0 0 0 0 0 0 0 0 0 0 0 0 0 0 0 0 0 0 0 0 0 0 -65 -89 -91 -23 26 -71 -76 -40 37 -66 -1 16 -6 71 90 78 38 7 50 90 86 -61
0 0 0 0 0 0 0 0 0 0 0 0 0 0 0 0 0 0 0 0 0 0 0 0 0 0 0 0 0 6 67 -75 25 57 4 -29 -92 76 -6 -45 13 13 -40 -8 -75 75 -6 39 65 -9
0 0 0 0 0 0 0 0 0 0 0 0 0 0 0 0 0 0 0 0 0 0 0 0 0 0 0 0 0 0 -85 1 -30 -52 -69 16 -77 69 -46 64 63 52 -95 -88 -15 -38 -68 44 -48 -83
0 0 0 0 0 0 0 0 0 0 0 0 0 0 0 0 0 0 0 0 0 0 0 0 0 0 0 0 0 0 0 95 41 -47 50 -45 -41 -16 98 -63 52 -100 -30 -63 -67 38 -36 -56 -72 69
0 0 0 0 0 0 0 0 0 0 0 0 0 0 0 0 0 0 0 0 0 0 0 0 0 0 0 0 0 0 0 0 -94 -67 -97 -9 -40 50 -18 -96 -56 -33 -87 -68 89 7 34 -71 90 -84
0 0 0 0 0 0 0 0 0 0 0 0 0 0 0 0 0 0 0 0 0 0 0 0 0 0 0 0 0 0 0 0 0 21 14 99 -8 31 51 -73 15 28 -44 57 -89 86 100 68 33 -23
0 0 0 0 0 0 0 0 0 0 0 0 0 0 0 0 0 0 0 0 0 0 0 0 0 0 0 0 0 0 0 0 0 0 17 64 -93 -85 22 2 9 75 -73 25 82 13 -82 -80 -18 55
0 0 0 0 0 0 0 0 0 0 0 0 0 0 0 0 0 0 0 0 0 0 0 0 0 0 0 0 0 0 0 0 0 0 0 -63 -84 -68 -30 59 62 49 40 82 -17 -3 52 35 -25 16
0 0 0 0 0 0 0 0 0 0 0 0 0 0 0 0 0 0 0 0 0 0 0 0 0 0 0 0 0 0 0 0 0 0 0 0 29 54 10 -75 79 -71 67 66 96 41 84 -45 10 15
0 0 0 0 0 0 0 0 0 0 0 0 0 0 0 0 0 0 0 0 0 0 0 0 0 0 0 0 0 0 0 0 0 0 0 0 0 -42 5 -14 16 2 6 86 -76 -20 9 -20 70 -35
0 0 0 0 0 0 0 0 0 0 0 0 0 0 0 0 0 0 0 0 0 0 0 0 0 0 0 0 0 0 0 0 0 0 0 0 0 0 -5 -61 75 21 -83 -77 -79 -77 10 -76 90 89
0 0 0 0 0 0 0 0 0 0 0 0 0 0 0 0 0 0 0 0 0 0 0 0 0 0 0 0 0 0 0 0 0 0 0 0 0 0 0 -5 -67 42 -85 50 43 43 -16 71 -69 5
0 0 0 0 0 0 0 0 0 0 0 0 0 0 0 0 0 0 0 0 0 0 0 0 0 0 0 0 0 0 0 0 0 0 0 0 0 0 0 0 -10 70 92 8 84 -87 -27 53 -21 -10
0 0 0 0 0 0 0 0 0 0 0 0 0 0 0 0 0 0 0 0 0 0 0 0 0 0 0 0 0 0 0 0 0 0 0 0 0 0 0 0 0 -74 47 29 -46 -61 68 23 -43 -73
0 0 0 0 0 0 0 0 0 0 0 0 0 0 0 0 0 0 0 0 0 0 0 0 0 0 0 0 0 0 0 0 0 0 0 0 0 0 0 0 0 0 -11 42 -6 -71 95 -29 46 -43
0 0 0 0 0 0 0 0 0 0 0 0 0 0 0 0 0 0 0 0 0 0 0 0 0 0 0 0 0 0 0 0 0 0 0 0 0 0 0 0 0 0 0 9 43 96 59 57 72 64
0 0 0 0 0 0 0 0 0 0 0 0 0 0 0 0 0 0 0 0 0 0 0 0 0 0 0 0 0 0 0 0 0 0 0 0 0 0 0 0 0 0 0 0 42 -94 55 68 77 -32
0 0 0 0 0 0 0 0 0 0 0 0 0 0 0 0 0 0 0 0 0 0 0 0 0 0 0 0 0 0 0 0 0 0 0 0 0 0 0 0 0 0 0 0 0 -93 -54 -31 79 95
0 0 0 0 0 0 0 0 0 0 0 0 0 0 0 0 0 0 0 0 0 0 0 0 0 0 0 0 0 0 0 0 0 0 0 0 0 0 0 0 0 0 0 0 0 0 -21 -14 -11 -99
0 0 0 0 0 0 0 0 0 0 0 0 0 0 0 0 0 0 0 0 0 0 0 0 0 0 0 0 0 0 0 0 0 0 0 0 0 0 0 0 0 0 0 0 0 0 0 -54 -64 44
0 0 0 0 0 0 0 0 0 0 0 0 0 0 0 0 0 0 0 0 0 0 0 0 0 0 0 0 0 0 0 0 0 0 0 0 0 0 0 0 0 0 0 0 0 0 0 0 68 2
0 0 0 0 0 0 0 0 0 0 0 0 0 0 0 0 0 0 0 0 0 0 0 0 0 0 0 0 0 0 0 0 0 0 0 0 0 0 0 0 0 0 0 0 0 0 0 0 0 -83
