25
2 4 2 2 9 3 2 4 2 3 2 2 3 4 5 3 11 8 8 2 12 11 9 6 3 
8 4
24 18 3 21
1 4
17 21
1 7 8 9 14 15 18 21 23
9 4 5
3 4
9 20 12 21
4 13
19 4 7
21 22
8 4
4 21 15
12 21 22 7
6 8 18 21 24
9 4 21
2 3 4 7 8 9 11 13 21 24 25
4 5 8 9 15 18 21 23
4 5 8 12 13 16 17 19
5 21
1 3 9 11 13 14 15 17 20 21 22 24
1 4 6 9 10 11 12 14 15 18 21
4 5 6 7 10 17 21 23 25
1 11 17 20 21 25
10 12 21
-39 -86 -39 45 -80 -79 87 24 -83 94 36 96 -68 -68 68 21 40 -58 -33 35 55 8 -46 38 93
0 86 76 -49 82 -21 2 71 66 -5 12 32 15 -70 -37 -43 -84 -14 -95 50 41 -42 50 -44 -99
0 0 -82 81 61 -85 -42 -83 -92 -16 -82 31 -40 -29 71 24 -46 38 -67 85 46 47 21 -38 100
0 0 0 21 4 -52 -76 -76 68 10 -10 8 5 19 86 -87 72 67 65 -75 -85 3 86 -14 -73
0 0 0 0 -37 -51 -52 37 14 -65 8 -54 -29 18 -37 -81 13 40 -75 -88 66 38 -97 -77 92
0 0 0 0 0 -40 -58 4 24 23 -46 2 -85 -58 -3 -100 -1 -33 100 100 16 -27 8 78 87
0 0 0 0 0 0 100 42 69 83 24 -61 -52 -25 -45 -86 48 88 38 -85 91 -20 -86 -88 49
0 0 0 0 0 0 0 22 28 35 -60 -86 30 -80 -53 -83 52 -83 72 -40 3 -70 45 -37 48
0 0 0 0 0 0 0 0 52 -90 58 -80 7 68 49 44 33 -20 -34 -48 71 83 -20 -39 -33
0 0 0 0 0 0 0 0 0 1 -67 71 65 -24 17 -20 92 -82 -98 17 59 44 -75 -82 37
0 0 0 0 0 0 0 0 0 0 -46 29 -33 -67 -11 -83 -38 -6 -28 -60 12 39 80 -23 56
0 0 0 0 0 0 0 0 0 0 0 67 35 -98 70 41 -24 69 -74 -66 -33 -71 -73 90 41
0 0 0 0 0 0 0 0 0 0 0 0 -61 -31 -28 54 -47 83 -13 -48 75 62 -33 29 25
0 0 0 0 0 0 0 0 0 0 0 0 0 -36 -87 -77 62 8 -30 -89 -100 -15 97 -67 63
0 0 0 0 0 0 0 0 0 0 0 0 0 0 -33 -59 89 13 41 80 9 43 -98 -72 -81
0 0 0 0 0 0 0 0 0 0 0 0 0 0 0 76 -62 39 -91 -6 49 41 -63 10 -68
0 0 0 0 0 0 0 0 0 0 0 0 0 0 0 0 -90 -22 -7 -90 -9 -47 74 -37 70
0 0 0 0 0 0 0 0 0 0 0 0 0 0 0 0 0 -74 -10 99 43 4 58 91 -61
0 0 0 0 0 0 0 0 0 0 0 0 0 0 0 0 0 0 -40 -59 -55 5 -94 -55 88
0 0 0 0 0 0 0 0 0 0 0 0 0 0 0 0 0 0 0 -15 100 5 71 88 -37
0 0 0 0 0 0 0 0 0 0 0 0 0 0 0 0 0 0 0 0 -32 -60 79 -73 -3
0 0 0 0 0 0 0 0 0 0 0 0 0 0 0 0 0 0 0 0 0 -91 20 -44 -49
0 0 0 0 0 0 0 0 0 0 0 0 0 0 0 0 0 0 0 0 0 0 17 -11 -22
0 0 0 0 0 0 0 0 0 0 0 0 0 0 0 0 0 0 0 0 0 0 0 -42 -43
0 0 0 0 0 0 0 0 0 0 0 0 0 0 0 0 0 0 0 0 0 0 0 0 -94
