50
5 3 2 5 13 4 3 7 7 13 7 10 5 2 6 12 8 2 12 2 12 10 4 10 5 10 8 8 10 7 10 3 8 2 3 10 3 2 4 8 8 6 13 11 3 11 9 10 9 6 
7 8 9 44 48
18 28 38
41 6
33 2 36 39 8
1 35 38 8 42 11 45 15 18 22 27 28 29
49 2 14 22
41 25 7
2 3 35 39 47 17 30
36 37 6 40 41 19 24
3 5 6 7 8 43 15 47 18 19 24 25 30
8 43 44 45 14 18 23
35 41 11 47 16 49 18 50 25 30
4 44 18 50 21
8 21
37 5 46 14 48 21
32 35 36 8 9 42 10 45 16 17 26 30
32 33 38 9 15 18 24 26
8 41
34 5 39 8 11 44 45 47 17 25 28 30
18 44
1 35 8 41 42 11 49 18 19 22 28 30
33 2 7 39 41 12 46 48 49 20
8 24 11 49
32 1 2 39 8 16 18 20 21 24
32 37 6 41 47
34 36 41 9 43 11 49 50 17 31
35 45 14 47 13 18 20 26
2 34 5 8 15 16 22 29
1 4 5 38 41 46 15 48 18 50
32 33 5 41 43 16 18
37 8 9 13 46 47 48 16 27 31
41 43 28
2 4 42 44 45 47 27 30
41 26
16 2 13
5 8 9 12 16 18 50 28 29 30
18 4 42
18 6
8 32 27 31
1 4 8 11 48 17 25 30
32 2 36 10 43 45 46 47
35 4 38 8 14 48
33 34 4 38 6 41 11 12 45 48 49 21 31
3 5 37 38 8 41 39 44 16 48 26
43 18 27
34 9 43 14 16 17 18 49 48 21 26
1 2 5 37 7 40 49 21 30
33 5 41 9 14 16 17 19 23 24
1 34 35 8 40 42 43 46 20
7 8 9 43 17 18
-73 90 41 -61 -31 -28 54 -47 83 -13 -48 75 62 -33 29 25 -36 -87 -77 62 8 -30 -89 -100 -15 97 -67 63 -33 -59 89 13 41 80 9 43 -98 -72 -81 76 -62 39 -91 -6 49 41 -63 10 -68 -90
0 -22 -7 -90 -9 -47 74 -37 70 -74 -10 99 43 4 58 91 -61 -40 -59 -55 5 -94 -55 88 -15 100 5 71 88 -37 -32 -60 79 -73 -3 -91 20 -44 -49 17 -11 -22 -42 -43 -94 68 -51 2 -16 -29
0 0 -83 97 -29 -11 64 30 2 73 37 -16 -93 -71 -34 -55 48 -33 -91 -73 52 11 -12 86 -20 11 55 30 -71 -2 47 -52 -35 -89 81 11 -100 33 37 75 84 89 88 71 -50 -7 10 -83 70 -16
0 0 0 59 -20 69 -69 84 -24 29 -21 70 4 -17 3 78 -25 41 -68 -51 7 70 -3 73 91 -56 57 45 -23 3 40 -100 -23 -27 -47 10 48 55 67 -18 19 13 13 72 -46 30 21 88 -57 68
0 0 0 0 -79 -28 31 69 62 58 -15 -77 92 -40 72 -21 -43 -50 -63 -94 -89 -38 21 56 96 -82 16 6 61 47 -51 83 78 -2 26 2 -38 -63 67 76 -99 92 97 -73 99 8 -44 -55 78 32
0 0 0 0 0 18 -88 42 -37 -69 16 -66 18 70 35 43 52 -19 93 13 56 84 29 9 40 14 -60 90 21 15 -34 92 -37 63 -30 96 99 33 24 60 -39 -30 12 -81 82 -27 -40 -31 -15 -19
0 0 0 0 0 0 38 -80 -65 -62 -41 -2 77 -61 80 -46 -84 6 4 -16 38 19 6 -85 -48 7 -1 97 49 78 -95 95 47 -3 22 -99 -10 -24 92 -1 7 37 91 88 39 54 -44 24 -44 -31
0 0 0 0 0 0 0 11 24 -93 -1 -14 71 73 3 85 -58 19 -68 59 36 -94 0 51 44 69 -94 -79 64 9 -66 18 -54 -88 -34 -3 -17 -46 16 -17 -14 94 -3 -29 92 7 -36 -80 20 -96
0 0 0 0 0 0 0 0 91 38 -87 -11 -43 66 -83 99 66 -90 93 -93 -37 -49 -95 59 -61 -39 -68 21 71 -71 44 -45 19 79 -35 96 -6 -58 55 55 91 83 -71 99 -59 -21 -73 48 -94 -21
0 0 0 0 0 0 0 0 0 47 73 -4 1 83 -50 -81 51 76 60 -38 -74 78 97 -23 75 53 -70 44 100 -90 -12 36 9 69 -6 -83 29 65 -13 -97 7 25 -73 10 -8 62 17 81 -61 11
0 0 0 0 0 0 0 0 0 0 -55 87 33 66 -31 57 37 98 23 19 11 87 51 -32 -18 -38 -78 -29 15 -38 92 18 45 56 71 -3 -14 -93 26 -17 -54 24 -46 -10 -34 -13 -29 52 79 -30
0 0 0 0 0 0 0 0 0 0 0 42 -98 32 -52 -79 -39 84 4 25 42 94 -39 76 21 65 82 25 14 -96 -77 -25 -44 3 77 -38 -22 69 48 -6 21 41 35 -12 8 90 40 -16 -10 79
0 0 0 0 0 0 0 0 0 0 0 0 16 -31 -22 -36 -41 -70 84 -51 -20 -70 90 37 95 76 -53 -51 -45 89 23 -30 85 50 94 34 52 -28 -75 -51 -25 -42 -8 -55 -23 -97 81 36 -68 -30
0 0 0 0 0 0 0 0 0 0 0 0 0 -89 -87 41 -26 78 -68 63 92 25 -74 -97 46 -28 20 22 12 -13 -53 -87 -36 22 -71 -84 2 25 -82 47 61 75 -87 -62 -62 44 -23 -79 -37 -70
0 0 0 0 0 0 0 0 0 0 0 0 0 0 42 95 6 55 52 58 -43 98 33 -3 15 13 -24 50 9 -22 45 58 -85 56 89 -75 95 -47 60 -46 -33 69 -80 -60 -39 -56 41 -81 -60 -100
0 0 0 0 0 0 0 0 0 0 0 0 0 0 0 4 15 76 52 20 -26 -92 -41 -27 80 -28 79 16 -82 75 -41 -33 60 50 69 -50 8 -71 39 -43 65 -62 -32 -64 -82 -85 -58 -22 52 91
0 0 0 0 0 0 0 0 0 0 0 0 0 0 0 0 45 -27 12 -69 19 76 -23 79 3 -31 28 38 26 12 -80 53 -90 10 88 -18 54 -36 -94 -77 -42 72 47 50 -95 95 72 -32 47 -90
0 0 0 0 0 0 0 0 0 0 0 0 0 0 0 0 0 95 93 -56 20 32 66 13 -29 -54 49 11 62 25 -77 20 -11 4 -15 -18 71 -74 -59 -16 5 77 26 -27 69 2 94 40 -91 16
0 0 0 0 0 0 0 0 0 0 0 0 0 0 0 0 0 0 -78 -20 -36 -18 -71 97 3 31 -100 68 38 18 5 -87 -52 32 -8 59 93 27 60 13 94 -87 -48 -32 40 -67 -27 12 78 24
0 0 0 0 0 0 0 0 0 0 0 0 0 0 0 0 0 0 0 -69 -93 61 55 -39 81 -60 -21 41 -97 41 4 -77 -43 -71 18 -70 65 -61 27 83 -26 30 80 -31 6 23 20 -38 16 41
0 0 0 0 0 0 0 0 0 0 0 0 0 0 0 0 0 0 0 0 -63 -2 -52 53 30 91 -66 -83 -30 97 6 -13 29 -32 -100 -28 85 -24 50 48 68 25 -62 14 37 23 -12 -15 41 95
0 0 0 0 0 0 0 0 0 0 0 0 0 0 0 0 0 0 0 0 0 39 -4 16 -18 -52 78 -39 46 -2 -41 98 5 -89 -19 90 21 80 -3 -2 69 66 -62 26 -91 -68 28 51 -16 -75
0 0 0 0 0 0 0 0 0 0 0 0 0 0 0 0 0 0 0 0 0 0 12 -75 34 16 -97 84 -64 4 67 -61 -81 20 100 -33 -14 59 77 1 66 -80 -16 72 36 -3 -19 60 83 94
0 0 0 0 0 0 0 0 0 0 0 0 0 0 0 0 0 0 0 0 0 0 0 24 38 -91 58 -83 -40 61 75 -27 -42 91 -77 11 -75 94 62 80 -75 13 -58 77 -24 -93 -89 -17 -86 -25
0 0 0 0 0 0 0 0 0 0 0 0 0 0 0 0 0 0 0 0 0 0 0 0 -9 -5 10 -63 -38 35 5 44 74 -54 -57 -56 -80 56 -3 58 74 -39 27 49 -64 -41 18 63 -35 17
0 0 0 0 0 0 0 0 0 0 0 0 0 0 0 0 0 0 0 0 0 0 0 0 0 -35 70 -98 19 -27 73 39 -60 -82 13 -12 50 -24 63 8 76 -36 16 -23 -50 -2 23 -73 -40 -3
0 0 0 0 0 0 0 0 0 0 0 0 0 0 0 0 0 0 0 0 0 0 0 0 0 0 46 -9 47 -25 79 -25 -95 68 1 -30 -98 44 75 99 90 -88 55 90 27 -27 98 -42 55 -10
0 0 0 0 0 0 0 0 0 0 0 0 0 0 0 0 0 0 0 0 0 0 0 0 0 0 0 -44 62 -52 58 -36 73 93 84 96 68 74 -65 60 -76 60 65 -90 -21 12 -92 48 -7 87
0 0 0 0 0 0 0 0 0 0 0 0 0 0 0 0 0 0 0 0 0 0 0 0 0 0 0 0 -67 -77 -25 -17 91 6 -56 -49 -67 38 -7 35 28 -31 -58 -35 23 -25 91 -14 -71 19
0 0 0 0 0 0 0 0 0 0 0 0 0 0 0 0 0 0 0 0 0 0 0 0 0 0 0 0 0 -81 -64 93 -43 73 85 72 1 42 -7 -77 1 -97 -33 37 -69 16 -6 72 91 72
0 0 0 0 0 0 0 0 0 0 0 0 0 0 0 0 0 0 0 0 0 0 0 0 0 0 0 0 0 0 -33 49 -3 63 -5 -73 72 -41 20 -94 58 43 -17 56 -44 65 -84 62 18 79
0 0 0 0 0 0 0 0 0 0 0 0 0 0 0 0 0 0 0 0 0 0 0 0 0 0 0 0 0 0 0 -23 66 4 -71 -65 -89 -91 -23 26 -71 -76 -40 37 -66 -1 16 -6 71 90
0 0 0 0 0 0 0 0 0 0 0 0 0 0 0 0 0 0 0 0 0 0 0 0 0 0 0 0 0 0 0 0 78 38 7 50 90 86 -61 6 67 -75 25 57 4 -29 -92 76 -6 -45
0 0 0 0 0 0 0 0 0 0 0 0 0 0 0 0 0 0 0 0 0 0 0 0 0 0 0 0 0 0 0 0 0 13 13 -40 -8 -75 75 -6 39 65 -9 -85 1 -30 -52 -69 16 -77
0 0 0 0 0 0 0 0 0 0 0 0 0 0 0 0 0 0 0 0 0 0 0 0 0 0 0 0 0 0 0 0 0 0 69 -46 64 63 52 -95 -88 -15 -38 -68 44 -48 -83 95 41 -47
0 0 0 0 0 0 0 0 0 0 0 0 0 0 0 0 0 0 0 0 0 0 0 0 0 0 0 0 0 0 0 0 0 0 0 50 -45 -41 -16 98 -63 52 -100 -30 -63 -67 38 -36 -56 -72
0 0 0 0 0 0 0 0 0 0 0 0 0 0 0 0 0 0 0 0 0 0 0 0 0 0 0 0 0 0 0 0 0 0 0 0 69 -94 -67 -97 -9 -40 50 -18 -96 -56 -33 -87 -68 89
0 0 0 0 0 0 0 0 0 0 0 0 0 0 0 0 0 0 0 0 0 0 0 0 0 0 0 0 0 0 0 0 0 0 0 0 0 7 34 -71 90 -84 21 14 99 -8 31 51 -73 15
0 0 0 0 0 0 0 0 0 0 0 0 0 0 0 0 0 0 0 0 0 0 0 0 0 0 0 0 0 0 0 0 0 0 0 0 0 0 28 -44 57 -89 86 100 68 33 -23 17 64 -93
0 0 0 0 0 0 0 0 0 0 0 0 0 0 0 0 0 0 0 0 0 0 0 0 0 0 0 0 0 0 0 0 0 0 0 0 0 0 0 -85 22 2 9 75 -73 25 82 13 -82 -80
0 0 0 0 0 0 0 0 0 0 0 0 0 0 0 0 0 0 0 0 0 0 0 0 0 0 0 0 0 0 0 0 0 0 0 0 0 0 0 0 -18 55 -63 -84 -68 -30 59 62 49 40
0 0 0 0 0 0 0 0 0 0 0 0 0 0 0 0 0 0 0 0 0 0 0 0 0 0 0 0 0 0 0 0 0 0 0 0 0 0 0 0 0 82 -17 -3 52 35 -25 16 29 54
0 0 0 0 0 0 0 0 0 0 0 0 0 0 0 0 0 0 0 0 0 0 0 0 0 0 0 0 0 0 0 0 0 0 0 0 0 0 0 0 0 0 10 -75 79 -71 67 66 96 41
0 0 0 0 0 0 0 0 0 0 0 0 0 0 0 0 0 0 0 0 0 0 0 0 0 0 0 0 0 0 0 0 0 0 0 0 0 0 0 0 0 0 0 84 -45 10 15 -42 5 -14
0 0 0 0 0 0 0 0 0 0 0 0 0 0 0 0 0 0 0 0 0 0 0 0 0 0 0 0 0 0 0 0 0 0 0 0 0 0 0 0 0 0 0 0 16 2 6 86 -76 -20
0 0 0 0 0 0 0 0 0 0 0 0 0 0 0 0 0 0 0 0 0 0 0 0 0 0 0 0 0 0 0 0 0 0 0 0 0 0 0 0 0 0 0 0 0 9 -20 70 -35 -5
0 0 0 0 0 0 0 0 0 0 0 0 0 0 0 0 0 0 0 0 0 0 0 0 0 0 0 0 0 0 0 0 0 0 0 0 0 0 0 0 0 0 0 0 0 0 -61 75 21 -83
0 0 0 0 0 0 0 0 0 0 0 0 0 0 0 0 0 0 0 0 0 0 0 0 0 0 0 0 0 0 0 0 0 0 0 0 0 0 0 0 0 0 0 0 0 0 0 -77 -79 -77
0 0 0 0 0 0 0 0 0 0 0 0 0 0 0 0 0 0 0 0 0 0 0 0 0 0 0 0 0 0 0 0 0 0 0 0 0 0 0 0 0 0 0 0 0 0 0 0 10 -76
0 0 0 0 0 0 0 0 0 0 0 0 0 0 0 0 0 0 0 0 0 0 0 0 0 0 0 0 0 0 0 0 0 0 0 0 0 0 0 0 0 0 0 0 0 0 0 0 0 90
