100
3 2 5 10 7 8 10 3 6 7 11 5 5 5 7 10 3 4 11 9 2 10 7 7 5 11 5 6 9 11 10 9 8 8 8 2 2 4 8 8 5 7 2 4 8 8 5 9 10 9 5 10 9 4 10 7 7 7 4 7 8 5 6 8 6 8 8 7 6 6 4 10 9 6 5 2 9 9 8 3 10 9 9 7 5 9 8 10 4 2 11 7 8 5 5 4 5 4 4 6 
76 14 55
82 12
65 4 72 78 95
1 98 36 90 76 21 54 58 29 95
98 36 44 14 20 28 29
34 6 45 78 13 46 15 94
38 71 74 11 47 16 49 18 81 80
85 6 95
36 11 13 49 30 95
35 46 48 18 21 86 27
32 35 69 15 49 82 21 22 89 60 94
99 100 42 14 88
35 5 41 82 52
73 41 92 15 28
32 96 34 18 19 83 59
96 34 66 75 14 47 18 52 55 29
97 18 7
88 81 21 15
33 2 68 71 9 77 49 50 88 60 29
97 99 35 38 44 15 83 21 56
18 93
65 98 36 39 14 78 81 82 23 26
1 98 100 4 70 68 21
3 40 47 15 87 31 63
73 11 82 94 63
34 99 68 71 78 15 17 85 22 61 64
97 70 89 29 94
48 52 84 86 57 95
32 3 71 9 44 76 14 16 29
1 5 8 9 10 43 81 91 29 30 95
36 70 74 15 17 93 86 28 63 31
32 13 46 53 85 87 56 25 61
7 13 83 84 87 60 29 94
32 69 44 14 82 25 58 94
32 4 36 71 10 24 57 60
84 15
12 14
63 53 62 95
1 34 8 49 50 22 59 95
36 72 20 85 90 92 94 63
70 8 75 28 95
65 68 7 8 75 82 62
66 4
9 77 87 15
32 6 73 75 77 16 80 95
34 67 73 41 75 15 85 27
32 34 17 51 86
97 2 36 41 10 73 13 80 59
32 65 34 37 9 45 15 48 17 28
2 4 68 70 39 79 84 86 91
34 14 15 18 85
35 37 44 78 15 82 20 88 27 92
33 1 36 6 7 12 82 55 63
32 82 34 21
2 70 72 10 15 18 20 55 89 91
6 71 75 17 82 19 56
32 36 6 46 86 88 27
96 100 72 15 80 20 53
4 23 53 95
32 35 4 53 86 21 95
5 40 45 15 61 26 59 29
4 52 85 25 95
32 99 36 9 45 83
34 4 69 43 14 15 23 87
5 77 14 45 87 56
32 33 66 74 78 15 50 25
1 67 69 82 86 88 93 95
9 41 43 80 86 56 95
65 40 42 15 53 86
71 17 54 86 25 29
73 39 29 79
1 37 39 42 75 78 84 56 27 29
66 18 85 22 87 57 28 61 95
66 43 15 80 82 85
40 15 87 26 29
4 6
99 10 74 79 81 54 25 59 95
32 1 97 99 19 52 84 89 29
67 7 72 15 23 90 60 29
18 59 95
97 65 72 41 77 79 18 55 57 93
96 97 34 32 14 82 21 58 61
35 36 37 10 81 57 92 63 31
32 70 11 18 50 20 30
4 9 43 53 54
99 3 8 75 14 50 54 90 27
1 97 39 46 50 54 87 62
35 4 44 78 14 50 86 56 29 63
80 17 60 29
51 14
34 4 7 11 18 83 85 55 87 24 60
98 42 44 49 59 28 29
96 33 3 36 70 7 11 61
32 100 6 9 84
3 80 82 20 26
15 61 86 95
33 99 87 90 60
32 96 78 92
40 75 14 15
74 49 82 51 87 92
-81 51 76 60 -38 -74 78 97 -23 75 53 -70 44 100 -90 -12 36 9 69 -6 -83 29 65 -13 -97 7 25 -73 10 -8 62 17 81 -61 11 -55 87 33 66 -31 57 37 98 23 19 11 87 51 -32 -18 -38 -78 -29 15 -38 92 18 45 56 71 -3 -14 -93 26 -17 -54 24 -46 -10 -34 -13 -29 52 79 -30 42 -98 32 -52 -79 -39 84 4 25 42 94 -39 76 21 65 82 25 14 -96 -77 -25 -44 3 77 -38
0 -22 69 48 -6 21 41 35 -12 8 90 40 -16 -10 79 16 -31 -22 -36 -41 -70 84 -51 -20 -70 90 37 95 76 -53 -51 -45 89 23 -30 85 50 94 34 52 -28 -75 -51 -25 -42 -8 -55 -23 -97 81 36 -68 -30 -89 -87 41 -26 78 -68 63 92 25 -74 -97 46 -28 20 22 12 -13 -53 -87 -36 22 -71 -84 2 25 -82 47 61 75 -87 -62 -62 44 -23 -79 -37 -70 42 95 6 55 52 58 -43 98 33 -3
0 0 15 13 -24 50 9 -22 45 58 -85 56 89 -75 95 -47 60 -46 -33 69 -80 -60 -39 -56 41 -81 -60 -100 4 15 76 52 20 -26 -92 -41 -27 80 -28 79 16 -82 75 -41 -33 60 50 69 -50 8 -71 39 -43 65 -62 -32 -64 -82 -85 -58 -22 52 91 45 -27 12 -69 19 76 -23 79 3 -31 28 38 26 12 -80 53 -90 10 88 -18 54 -36 -94 -77 -42 72 47 50 -95 95 72 -32 47 -90 95 93 -56
0 0 0 20 32 66 13 -29 -54 49 11 62 25 -77 20 -11 4 -15 -18 71 -74 -59 -16 5 77 26 -27 69 2 94 40 -91 16 -78 -20 -36 -18 -71 97 3 31 -100 68 38 18 5 -87 -52 32 -8 59 93 27 60 13 94 -87 -48 -32 40 -67 -27 12 78 24 -69 -93 61 55 -39 81 -60 -21 41 -97 41 4 -77 -43 -71 18 -70 65 -61 27 83 -26 30 80 -31 6 23 20 -38 16 41 -63 -2 -52 53
0 0 0 0 30 91 -66 -83 -30 97 6 -13 29 -32 -100 -28 85 -24 50 48 68 25 -62 14 37 23 -12 -15 41 95 39 -4 16 -18 -52 78 -39 46 -2 -41 98 5 -89 -19 90 21 80 -3 -2 69 66 -62 26 -91 -68 28 51 -16 -75 12 -75 34 16 -97 84 -64 4 67 -61 -81 20 100 -33 -14 59 77 1 66 -80 -16 72 36 -3 -19 60 83 94 24 38 -91 58 -83 -40 61 75 -27 -42 91 -77 11
0 0 0 0 0 -75 94 62 80 -75 13 -58 77 -24 -93 -89 -17 -86 -25 -9 -5 10 -63 -38 35 5 44 74 -54 -57 -56 -80 56 -3 58 74 -39 27 49 -64 -41 18 63 -35 17 -35 70 -98 19 -27 73 39 -60 -82 13 -12 50 -24 63 8 76 -36 16 -23 -50 -2 23 -73 -40 -3 46 -9 47 -25 79 -25 -95 68 1 -30 -98 44 75 99 90 -88 55 90 27 -27 98 -42 55 -10 -44 62 -52 58 -36 73
0 0 0 0 0 0 93 84 96 68 74 -65 60 -76 60 65 -90 -21 12 -92 48 -7 87 -67 -77 -25 -17 91 6 -56 -49 -67 38 -7 35 28 -31 -58 -35 23 -25 91 -14 -71 19 -81 -64 93 -43 73 85 72 1 42 -7 -77 1 -97 -33 37 -69 16 -6 72 91 72 -33 49 -3 63 -5 -73 72 -41 20 -94 58 43 -17 56 -44 65 -84 62 18 79 -23 66 4 -71 -65 -89 -91 -23 26 -71 -76 -40 37 -66
0 0 0 0 0 0 0 -1 16 -6 71 90 78 38 7 50 90 86 -61 6 67 -75 25 57 4 -29 -92 76 -6 -45 13 13 -40 -8 -75 75 -6 39 65 -9 -85 1 -30 -52 -69 16 -77 69 -46 64 63 52 -95 -88 -15 -38 -68 44 -48 -83 95 41 -47 50 -45 -41 -16 98 -63 52 -100 -30 -63 -67 38 -36 -56 -72 69 -94 -67 -97 -9 -40 50 -18 -96 -56 -33 -87 -68 89 7 34 -71 90 -84 21 14 99
0 0 0 0 0 0 0 0 -8 31 51 -73 15 28 -44 57 -89 86 100 68 33 -23 17 64 -93 -85 22 2 9 75 -73 25 82 13 -82 -80 -18 55 -63 -84 -68 -30 59 62 49 40 82 -17 -3 52 35 -25 16 29 54 10 -75 79 -71 67 66 96 41 84 -45 10 15 -42 5 -14 16 2 6 86 -76 -20 9 -20 70 -35 -5 -61 75 21 -83 -77 -79 -77 10 -76 90 89 -5 -67 42 -85 50 43 43 -16
0 0 0 0 0 0 0 0 0 71 -69 5 -10 70 92 8 84 -87 -27 53 -21 -10 -74 47 29 -46 -61 68 23 -43 -73 -11 42 -6 -71 95 -29 46 -43 9 43 96 59 57 72 64 42 -94 55 68 77 -32 -93 -54 -31 79 95 -21 -14 -11 -99 -54 -64 44 68 2 -83 -64 89 62 -93 -77 91 35 -45 -4 7 16 -13 -60 -6 -21 84 -17 98 45 52 -79 -87 -61 -60 93 58 -88 72 -80 -31 13 69 8
0 0 0 0 0 0 0 0 0 0 24 55 13 6 -31 -45 93 31 -71 -12 10 -72 -28 73 73 51 24 34 70 -22 -89 -44 1 53 -86 -99 -48 -23 -46 96 -65 95 -35 -26 -17 -70 -99 27 91 10 -56 -67 -3 36 80 -42 28 43 71 -10 -82 1 89 -90 11 -96 17 -81 -20 47 9 46 3 81 63 6 -26 -71 3 -95 -17 -57 58 17 76 -8 -78 11 -73 -38 11 50 2 34 -80 1 -21 90 -14 -44
0 0 0 0 0 0 0 0 0 0 0 -15 99 -57 -81 30 62 -71 35 30 -51 98 -11 -11 86 65 -63 -40 -74 -63 -35 -50 -56 54 -61 94 94 67 -81 -55 97 60 26 18 93 44 94 48 14 74 44 64 62 59 -18 60 -20 -62 12 -83 20 13 61 -23 -30 51 -86 -10 29 -82 -21 18 15 -91 -86 -6 -27 -81 65 -77 57 52 29 -2 18 48 41 89 -90 15 46 66 -52 -18 54 21 28 -62 -85 15
0 0 0 0 0 0 0 0 0 0 0 0 -74 -13 82 -79 29 65 -56 -90 -37 81 12 12 34 33 56 -60 -7 -5 -28 -1 4 98 -14 73 53 -87 61 65 -15 -84 -16 -76 42 73 -2 -28 -36 85 68 54 -62 -15 -80 49 69 -64 -11 -21 67 78 69 0 -67 52 81 -79 -21 43 -4 64 -16 -68 71 79 89 75 34 -77 65 71 8 30 -8 -96 -8 -21 -54 -46 -13 96 24 -51 -43 -65 -61 -81 -25 -75
0 0 0 0 0 0 0 0 0 0 0 0 0 29 97 38 89 34 -91 69 -14 96 58 -67 52 -4 -61 -59 -54 77 97 59 -58 84 12 -89 5 -7 73 84 -40 13 56 -28 92 91 100 14 -41 36 -39 -21 100 20 -51 -6 73 46 12 18 96 -28 99 -3 28 35 7 -59 -49 54 -65 -36 -87 64 23 -5 41 -74 82 32 -69 -28 -79 95 -59 -31 15 31 -63 11 -77 -44 15 -11 -94 6 -87 1 28 -5
0 0 0 0 0 0 0 0 0 0 0 0 0 0 -40 -2 -80 -5 -43 -93 -19 -75 82 66 -15 -63 -65 -91 -27 20 78 -65 94 80 20 14 57 -99 -80 -96 -35 -45 -62 40 86 55 35 8 -72 98 -27 -40 -23 -69 -88 -39 7 63 59 17 -84 -72 27 52 37 -96 61 31 47 -39 83 -64 -26 9 -100 57 -10 -39 46 6 -53 70 71 -79 34 -8 -83 34 39 29 29 41 -95 -1 20 -89 62 -1 -5 -36
0 0 0 0 0 0 0 0 0 0 0 0 0 0 0 91 -96 -9 -83 -12 -39 87 68 60 -74 97 48 88 93 -15 -66 -89 -10 39 -14 64 -56 99 75 18 78 22 61 -54 -66 -84 83 98 17 -91 -25 -49 -89 -49 -90 -20 -21 31 1 39 21 -36 -91 92 65 -52 -27 -9 99 -88 67 -16 -31 -69 -6 11 2 90 12 -2 -14 -53 27 77 27 -6 32 -32 -79 86 8 -80 10 54 -54 39 -25 -18 -74 -80
0 0 0 0 0 0 0 0 0 0 0 0 0 0 0 0 -17 69 -25 -22 14 54 83 9 -58 76 13 -11 14 -90 86 -10 57 11 -30 63 -86 -81 71 63 3 -7 31 91 73 -60 -93 -64 55 73 100 12 -92 -68 -83 -40 99 65 -7 -8 -2 45 -92 54 -61 73 15 -6 -5 13 95 -81 46 -65 35 -7 1 -20 66 -29 -37 -71 -94 88 -53 27 32 -1 43 -70 -33 98 -34 80 14 -46 56 -27 77 25
0 0 0 0 0 0 0 0 0 0 0 0 0 0 0 0 0 -49 -69 -66 -82 15 -56 82 13 -78 74 -19 70 -12 81 -84 40 38 -26 -24 -60 82 81 79 63 -56 -8 30 -43 -69 -49 -65 -40 26 -94 -8 41 46 -6 19 41 -67 56 -78 -84 -21 1 83 84 22 34 5 96 4 47 -82 -68 -19 64 -82 15 19 74 32 -12 -68 99 41 63 50 -54 96 -67 10 28 -86 -69 32 -61 -23 -58 -59 -18 81
0 0 0 0 0 0 0 0 0 0 0 0 0 0 0 0 0 0 -43 -12 32 -28 -80 -36 -50 62 41 -30 -68 60 -23 57 36 -77 28 64 -57 51 48 -61 -57 68 59 84 54 -14 44 -90 -93 -80 -89 64 97 47 -33 66 -47 96 46 6 58 63 -93 27 60 39 -26 64 -23 23 -38 75 3 -24 16 -82 76 -85 -60 12 6 23 18 -48 -13 55 -64 -20 83 -19 87 -12 2 -67 94 -6 31 43 -73 -19
0 0 0 0 0 0 0 0 0 0 0 0 0 0 0 0 0 0 0 -39 19 -69 -32 15 -37 -64 -76 -88 -26 -2 57 7 -37 -60 -17 47 84 -20 -52 95 -60 27 31 19 27 -22 27 -95 -77 0 29 17 -39 -45 49 -10 -88 -88 -28 26 52 67 72 20 -27 37 -98 -73 10 -66 -33 86 -7 95 3 -7 -89 2 -87 45 43 -51 -8 41 -27 -82 -2 29 15 95 40 -29 59 74 56 -70 -68 -76 0 -5
0 0 0 0 0 0 0 0 0 0 0 0 0 0 0 0 0 0 0 0 -14 42 -7 93 -64 -50 54 30 2 28 -90 -89 -91 -65 82 -15 21 32 16 -62 55 31 -65 -17 56 -19 -59 0 57 89 -24 51 -14 29 30 36 25 81 44 -24 21 -96 -6 -16 72 -72 6 49 -22 85 76 61 -94 52 21 -33 67 100 98 48 47 -42 84 -87 49 22 -57 34 61 84 58 98 -3 -63 74 -38 -92 46 79 -72
0 0 0 0 0 0 0 0 0 0 0 0 0 0 0 0 0 0 0 0 0 -52 -96 12 -20 7 -62 5 76 -48 5 28 98 56 20 88 86 -85 80 -65 32 -47 43 -17 69 22 34 -4 -20 -56 17 36 -13 39 -10 73 97 84 74 64 77 -33 56 23 -51 -37 -29 42 -24 -43 -24 97 -27 80 -47 76 80 25 -19 22 -11 43 84 -30 -27 -69 46 73 39 -3 1 -12 97 -63 -26 -90 -27 82 -80 -12
0 0 0 0 0 0 0 0 0 0 0 0 0 0 0 0 0 0 0 0 0 0 13 67 -35 91 22 -46 -49 37 -31 43 78 -31 -65 -73 57 89 50 -39 -38 -88 71 35 -43 63 -41 -87 -75 5 -16 83 20 -75 74 97 -65 -99 40 -60 4 67 21 22 66 -49 93 -27 -18 -27 65 -85 96 -78 66 46 -41 36 89 85 -91 -56 6 -55 -91 1 26 -53 91 -26 -91 -98 -24 45 54 -73 -15 -28 16 64
0 0 0 0 0 0 0 0 0 0 0 0 0 0 0 0 0 0 0 0 0 0 0 39 34 26 -66 29 19 -31 -51 -72 -16 -59 87 17 65 -35 83 -53 -97 88 -14 -25 45 72 93 -51 -56 56 63 3 9 31 -17 -78 2 71 -76 -53 -65 22 -18 -37 -99 -34 -2 -40 14 92 -32 -16 -23 49 85 46 -98 -34 67 -8 77 -40 -85 70 -70 19 -22 -60 3 75 28 80 97 -21 76 -70 63 -25 -6 57
0 0 0 0 0 0 0 0 0 0 0 0 0 0 0 0 0 0 0 0 0 0 0 0 -44 -44 -66 22 -61 16 91 55 -5 6 79 40 20 93 37 70 -45 95 -37 74 93 52 -80 34 14 35 80 -8 -81 44 -72 -85 40 29 -49 46 37 -62 -58 -17 33 13 -71 74 -48 83 49 25 -77 30 14 -86 16 -67 31 6 16 44 -86 43 18 72 -22 85 -95 1 -35 -100 90 -45 48 -82 -89 8 -12 79
0 0 0 0 0 0 0 0 0 0 0 0 0 0 0 0 0 0 0 0 0 0 0 0 0 -84 38 -85 -83 20 -92 -27 4 -54 96 -66 96 64 86 65 7 -5 -3 14 -4 -4 -80 74 69 38 -66 67 -11 -70 -55 37 0 35 -68 86 -43 -100 93 -95 -24 18 72 84 39 8 36 -3 -42 -37 17 -12 -61 -30 -52 85 95 -72 -92 69 7 57 96 -96 -39 -48 -83 -75 52 -92 14 53 72 80 -88 -38
0 0 0 0 0 0 0 0 0 0 0 0 0 0 0 0 0 0 0 0 0 0 0 0 0 0 89 -89 2 12 -41 38 -45 93 98 -86 -65 28 -26 -41 87 47 -19 47 53 97 72 -18 -40 -23 -64 69 33 -44 5 -24 -30 -85 42 51 88 -56 60 73 9 42 26 -88 -12 64 71 -3 34 -19 78 6 4 -62 -24 -4 -53 93 37 21 -39 -43 -24 81 -64 18 -86 43 5 6 42 35 -66 -1 -38 -35
0 0 0 0 0 0 0 0 0 0 0 0 0 0 0 0 0 0 0 0 0 0 0 0 0 0 0 -48 -16 65 -80 15 -6 -77 37 85 -52 -87 -32 -4 72 54 54 -90 -82 -52 94 50 85 71 43 -45 22 -47 -15 -23 -97 -46 -52 89 -70 91 93 22 -38 78 54 80 -48 1 -39 41 -18 98 -28 -3 19 36 66 -9 -22 -34 -8 31 27 19 -75 84 20 94 -19 -48 -6 -20 5 -89 44 -44 89 -63
0 0 0 0 0 0 0 0 0 0 0 0 0 0 0 0 0 0 0 0 0 0 0 0 0 0 0 0 -96 -34 41 49 48 84 6 -25 -61 -50 -16 -42 -3 45 -38 27 40 67 75 -14 -35 95 25 85 64 89 25 17 -57 87 -10 -57 -65 84 39 25 -53 38 64 -85 34 -92 -81 71 -88 95 -99 5 -65 61 -41 -83 81 -62 -98 -45 29 16 -5 -85 58 63 70 57 23 68 24 -96 -99 36 41 5
0 0 0 0 0 0 0 0 0 0 0 0 0 0 0 0 0 0 0 0 0 0 0 0 0 0 0 0 0 -97 -96 35 84 -30 37 -27 -96 28 78 72 10 -55 -73 -76 34 -62 -39 -51 58 34 -36 -10 -32 1 -80 -5 3 17 44 -38 78 -43 -24 75 -80 67 66 94 -92 -77 3 -3 -4 41 21 -86 63 -98 79 -57 -79 27 11 65 100 -16 44 -76 35 -90 -42 -46 77 45 21 -31 -89 -81 75 -29
0 0 0 0 0 0 0 0 0 0 0 0 0 0 0 0 0 0 0 0 0 0 0 0 0 0 0 0 0 0 39 44 68 -92 -55 -20 -96 -47 50 -64 92 82 1 -81 -24 -59 44 -39 45 -1 73 38 -16 -2 93 89 -65 76 85 -80 28 90 -12 -87 -75 11 -41 -81 -13 54 96 57 52 1 98 -17 -93 62 -31 100 15 25 -42 -9 41 -4 10 -53 74 49 69 -3 -79 97 58 -25 -37 82 -82 -79
0 0 0 0 0 0 0 0 0 0 0 0 0 0 0 0 0 0 0 0 0 0 0 0 0 0 0 0 0 0 0 -32 -61 -3 82 100 62 -61 89 -1 -19 -8 -73 -77 -99 -22 13 -8 94 -31 -74 -67 -78 -53 10 14 42 42 31 4 -74 -94 -78 -10 41 -77 52 53 100 -17 -2 -97 -26 5 -1 99 -79 85 43 -38 46 33 -57 75 -3 -57 -65 -32 -23 -32 26 -63 -84 -58 11 -30 7 -24 23 100
0 0 0 0 0 0 0 0 0 0 0 0 0 0 0 0 0 0 0 0 0 0 0 0 0 0 0 0 0 0 0 0 -81 -8 -36 -37 84 60 26 52 57 -50 17 -73 -66 -23 -99 1 -15 58 -3 -16 12 -15 10 66 52 -66 -24 -18 54 77 -49 22 -20 -55 1 -19 -26 88 77 62 25 47 100 -38 -17 -4 -29 0 -7 -71 44 -49 51 39 -54 74 96 40 -94 86 18 81 -47 12 -26 77 -83 4
0 0 0 0 0 0 0 0 0 0 0 0 0 0 0 0 0 0 0 0 0 0 0 0 0 0 0 0 0 0 0 0 0 72 27 -65 62 -23 -39 -36 68 -61 83 8 -4 -82 14 53 22 49 2 36 29 77 7 39 -91 -8 79 37 52 63 -79 -73 96 -37 68 70 -10 -58 65 56 -89 44 65 73 65 2 92 -16 10 -73 -98 -75 -34 -44 30 91 32 42 48 76 47 -44 14 -5 0 18 97 73
0 0 0 0 0 0 0 0 0 0 0 0 0 0 0 0 0 0 0 0 0 0 0 0 0 0 0 0 0 0 0 0 0 0 50 76 28 -62 -12 -94 23 -74 -25 6 -79 -71 86 -64 -11 -21 -13 16 100 -48 33 23 -11 21 -76 12 84 78 15 -19 -83 -24 -89 81 -71 -95 -13 65 -73 73 -58 89 -38 32 -56 41 -60 -16 43 9 18 -41 3 61 -53 -53 63 68 10 1 -93 88 57 -50 15 51
0 0 0 0 0 0 0 0 0 0 0 0 0 0 0 0 0 0 0 0 0 0 0 0 0 0 0 0 0 0 0 0 0 0 0 9 -1 -99 80 -46 -48 -29 92 80 -84 47 -74 37 -53 -7 -17 -50 17 -71 -33 71 25 35 63 -20 52 -1 56 0 50 -71 -11 -10 17 58 -56 72 80 -24 57 51 -79 72 -66 -20 -70 -39 -22 -71 -54 -5 77 -64 30 -1 7 52 -65 47 -2 8 -53 24 62 37
0 0 0 0 0 0 0 0 0 0 0 0 0 0 0 0 0 0 0 0 0 0 0 0 0 0 0 0 0 0 0 0 0 0 0 0 77 65 -56 42 -58 25 -27 -65 -53 -20 15 58 -87 -9 -98 24 -66 -51 -2 43 29 67 26 4 75 25 6 81 13 25 -58 -79 44 -93 94 -44 -26 -92 -30 -43 37 -27 -57 99 17 44 90 97 96 26 40 30 -72 46 -71 -32 98 39 -7 38 93 -90 94 84
0 0 0 0 0 0 0 0 0 0 0 0 0 0 0 0 0 0 0 0 0 0 0 0 0 0 0 0 0 0 0 0 0 0 0 0 0 12 39 -45 8 -74 88 67 92 -37 -24 -92 15 -33 -11 -78 12 -70 98 -40 -47 88 50 76 -11 81 56 61 9 -58 57 -65 100 -48 -48 -85 45 -11 36 -29 52 37 -57 -18 80 -26 -26 46 -32 31 73 -76 -66 92 5 -85 -30 67 -68 79 -67 -37 -63 82
0 0 0 0 0 0 0 0 0 0 0 0 0 0 0 0 0 0 0 0 0 0 0 0 0 0 0 0 0 0 0 0 0 0 0 0 0 0 -18 -37 94 73 0 25 -64 47 61 -32 60 6 -4 15 -81 62 96 -77 3 31 91 -29 77 -6 16 24 -17 48 -100 98 87 -77 87 17 62 70 78 -9 -84 36 1 -45 9 -46 26 -32 -18 -28 -14 40 47 -67 44 24 -13 74 95 -88 -89 -75 60 100
0 0 0 0 0 0 0 0 0 0 0 0 0 0 0 0 0 0 0 0 0 0 0 0 0 0 0 0 0 0 0 0 0 0 0 0 0 0 0 17 -96 -69 -60 12 16 -100 9 -49 76 -67 66 -23 -60 -30 -77 67 -8 -36 -79 -5 70 66 -58 -87 1 60 -22 85 79 93 -41 9 67 -77 80 -76 -100 -46 22 -81 -67 51 -43 32 74 13 -98 -98 78 -13 -70 8 77 -67 22 -82 -42 -2 -78 87
0 0 0 0 0 0 0 0 0 0 0 0 0 0 0 0 0 0 0 0 0 0 0 0 0 0 0 0 0 0 0 0 0 0 0 0 0 0 0 0 -74 -74 -20 -6 -24 -65 -3 98 92 -66 64 73 -64 -83 35 44 -98 56 66 -58 12 -11 84 -46 60 91 -62 5 57 75 13 -45 -78 -75 -65 92 -69 50 86 -2 -11 9 -20 -65 -37 -30 65 -79 -37 41 53 53 84 55 -28 99 76 -94 68 -23
0 0 0 0 0 0 0 0 0 0 0 0 0 0 0 0 0 0 0 0 0 0 0 0 0 0 0 0 0 0 0 0 0 0 0 0 0 0 0 0 0 -48 32 55 30 -52 91 0 -25 65 -87 100 -39 26 -2 -72 -39 27 63 52 -82 35 -97 -8 -19 -67 -1 45 7 -7 39 74 -56 95 20 97 -82 -96 50 -83 -97 -33 -45 -90 -85 1 29 -27 60 82 28 96 6 8 79 2 -79 63 37 37
0 0 0 0 0 0 0 0 0 0 0 0 0 0 0 0 0 0 0 0 0 0 0 0 0 0 0 0 0 0 0 0 0 0 0 0 0 0 0 0 0 0 57 -61 -29 -79 -21 -80 30 -48 -61 37 -17 0 50 62 95 66 74 64 -84 -21 78 11 86 -39 -86 -38 -78 11 -71 16 56 55 -86 -21 70 89 68 89 -56 -70 -97 81 -65 79 -98 -59 27 -12 33 32 100 84 -34 -58 -5 -68 91 99
0 0 0 0 0 0 0 0 0 0 0 0 0 0 0 0 0 0 0 0 0 0 0 0 0 0 0 0 0 0 0 0 0 0 0 0 0 0 0 0 0 0 0 -32 87 -70 97 -93 -15 9 -31 34 -84 -33 82 47 60 -81 27 16 30 -8 -86 27 45 -58 -6 -60 -35 97 -74 46 72 85 -71 -42 89 30 -100 -89 -97 -38 -89 20 -7 -2 -62 -55 -91 41 82 89 67 7 -43 -18 -37 6 84 -19
0 0 0 0 0 0 0 0 0 0 0 0 0 0 0 0 0 0 0 0 0 0 0 0 0 0 0 0 0 0 0 0 0 0 0 0 0 0 0 0 0 0 0 0 -31 -81 46 -5 -70 28 72 -87 -55 -43 32 -89 2 -83 19 -28 98 -21 -17 -78 41 16 -98 -6 -49 -26 44 100 -23 89 59 -38 18 -6 51 26 97 98 -50 87 39 94 -38 -62 -99 4 -94 -41 38 -12 62 77 -98 -15 -100 94
0 0 0 0 0 0 0 0 0 0 0 0 0 0 0 0 0 0 0 0 0 0 0 0 0 0 0 0 0 0 0 0 0 0 0 0 0 0 0 0 0 0 0 0 0 68 -4 88 86 -22 -74 -48 35 -40 7 25 -85 -64 82 -29 -77 -89 -41 33 5 79 -5 17 91 -79 48 -76 29 -66 63 0 -81 51 45 -85 11 69 -67 -40 -26 -34 -20 0 79 88 -17 -19 15 -31 -41 -81 -49 -66 99 97
0 0 0 0 0 0 0 0 0 0 0 0 0 0 0 0 0 0 0 0 0 0 0 0 0 0 0 0 0 0 0 0 0 0 0 0 0 0 0 0 0 0 0 0 0 0 49 -73 -61 -73 -58 15 19 -20 4 -70 37 -9 97 -47 15 -22 18 -33 -70 -77 -60 75 -23 80 78 54 -90 -45 -17 -63 -77 82 -37 -9 1 31 -88 73 -24 -34 -56 -93 3 15 42 91 40 -37 -76 18 -74 -65 -69 -97
0 0 0 0 0 0 0 0 0 0 0 0 0 0 0 0 0 0 0 0 0 0 0 0 0 0 0 0 0 0 0 0 0 0 0 0 0 0 0 0 0 0 0 0 0 0 0 -85 99 -44 -67 -50 2 -5 75 61 65 -79 49 50 -34 -81 -95 -84 -50 65 13 -68 -77 -16 -69 -90 18 -88 -57 46 10 85 1 27 -93 -3 74 9 -56 -10 -46 -53 -30 -29 14 -62 -92 57 58 57 -38 65 -25 27
0 0 0 0 0 0 0 0 0 0 0 0 0 0 0 0 0 0 0 0 0 0 0 0 0 0 0 0 0 0 0 0 0 0 0 0 0 0 0 0 0 0 0 0 0 0 0 0 5 40 22 -85 -78 -29 -2 -65 7 -49 64 34 -37 61 39 -96 -3 100 82 -9 22 39 100 24 -12 44 28 -18 -1 -31 -54 -94 -19 52 -44 -93 99 -29 -86 20 35 -9 96 49 -41 -60 -75 -37 68 -39 -32 36
0 0 0 0 0 0 0 0 0 0 0 0 0 0 0 0 0 0 0 0 0 0 0 0 0 0 0 0 0 0 0 0 0 0 0 0 0 0 0 0 0 0 0 0 0 0 0 0 0 88 -86 95 -44 47 -1 -10 -56 -55 -40 51 -19 88 78 -9 51 -93 80 79 -10 45 44 -64 44 -52 26 38 -21 -56 25 -91 -77 -86 -41 54 -44 -95 34 22 -100 -16 57 -49 -67 -13 83 -55 -18 -85 -95 -63
0 0 0 0 0 0 0 0 0 0 0 0 0 0 0 0 0 0 0 0 0 0 0 0 0 0 0 0 0 0 0 0 0 0 0 0 0 0 0 0 0 0 0 0 0 0 0 0 0 0 50 80 -64 98 -72 34 -7 -82 -5 80 69 1 50 -75 -14 -23 -18 -66 -60 87 11 63 24 66 -19 -56 81 43 77 57 -9 -43 70 50 -56 -4 -22 87 76 -25 -68 -55 86 -100 79 46 0 97 45 -92
0 0 0 0 0 0 0 0 0 0 0 0 0 0 0 0 0 0 0 0 0 0 0 0 0 0 0 0 0 0 0 0 0 0 0 0 0 0 0 0 0 0 0 0 0 0 0 0 0 0 0 -54 54 -19 56 -44 63 44 -74 27 -64 -16 90 -81 -40 -12 -19 -58 62 -78 81 71 63 86 -15 14 -98 -33 -47 -37 77 -83 -11 -35 -73 84 -100 -88 -2 12 87 7 -58 5 26 -4 -11 39 -4 -75
0 0 0 0 0 0 0 0 0 0 0 0 0 0 0 0 0 0 0 0 0 0 0 0 0 0 0 0 0 0 0 0 0 0 0 0 0 0 0 0 0 0 0 0 0 0 0 0 0 0 0 0 22 47 66 94 75 -43 -59 15 -82 -92 -25 -95 -19 -34 -74 -82 -13 -57 -4 -59 87 -81 40 -77 -14 52 57 23 80 -93 10 67 -58 55 11 -60 -87 -75 -16 -48 -52 4 78 41 84 86 38 -33
0 0 0 0 0 0 0 0 0 0 0 0 0 0 0 0 0 0 0 0 0 0 0 0 0 0 0 0 0 0 0 0 0 0 0 0 0 0 0 0 0 0 0 0 0 0 0 0 0 0 0 0 0 69 -28 -24 -40 -76 -88 0 46 40 25 -61 -87 -8 -100 9 -78 -25 69 60 53 22 -49 -76 -94 -48 -57 63 -26 -80 21 -71 -22 100 1 20 25 69 -33 -77 64 39 -1 -53 -6 -3 -6 -53
0 0 0 0 0 0 0 0 0 0 0 0 0 0 0 0 0 0 0 0 0 0 0 0 0 0 0 0 0 0 0 0 0 0 0 0 0 0 0 0 0 0 0 0 0 0 0 0 0 0 0 0 0 0 14 -89 -33 12 19 -33 -43 -32 44 -85 -62 92 78 70 -76 -79 71 -12 38 5 93 50 -42 41 -85 -1 33 7 37 75 21 46 -40 21 -24 -80 1 82 -92 28 46 32 46 73 58 -63
0 0 0 0 0 0 0 0 0 0 0 0 0 0 0 0 0 0 0 0 0 0 0 0 0 0 0 0 0 0 0 0 0 0 0 0 0 0 0 0 0 0 0 0 0 0 0 0 0 0 0 0 0 0 0 -70 93 14 -56 -58 -46 -51 -68 -90 8 -80 74 11 -49 60 -63 52 -34 -19 86 -83 -78 -1 42 1 41 -17 -30 33 17 -97 79 59 50 33 100 7 -72 6 -62 -63 45 50 49 94
0 0 0 0 0 0 0 0 0 0 0 0 0 0 0 0 0 0 0 0 0 0 0 0 0 0 0 0 0 0 0 0 0 0 0 0 0 0 0 0 0 0 0 0 0 0 0 0 0 0 0 0 0 0 0 0 -75 -73 44 99 -75 -27 37 -12 5 -33 -2 67 24 46 55 21 -91 -56 -30 3 -64 58 55 74 77 2 -91 1 -16 76 -40 -88 90 21 -32 -5 -95 -14 -23 -21 -29 25 78 75
0 0 0 0 0 0 0 0 0 0 0 0 0 0 0 0 0 0 0 0 0 0 0 0 0 0 0 0 0 0 0 0 0 0 0 0 0 0 0 0 0 0 0 0 0 0 0 0 0 0 0 0 0 0 0 0 0 -75 -42 -66 -24 90 13 98 -18 -32 86 6 54 65 -78 -52 13 -46 4 89 24 94 32 -5 -86 31 -60 -84 -21 81 29 3 -66 99 34 45 -93 -56 -51 -49 -86 -37 -92 16
0 0 0 0 0 0 0 0 0 0 0 0 0 0 0 0 0 0 0 0 0 0 0 0 0 0 0 0 0 0 0 0 0 0 0 0 0 0 0 0 0 0 0 0 0 0 0 0 0 0 0 0 0 0 0 0 0 0 -88 -8 80 -50 -30 -6 18 29 1 62 -69 74 -93 -39 -5 25 52 14 -55 21 50 41 -11 -12 -59 -34 91 76 -77 -28 -93 -2 -88 -59 46 99 -46 -44 65 -43 73 -48
0 0 0 0 0 0 0 0 0 0 0 0 0 0 0 0 0 0 0 0 0 0 0 0 0 0 0 0 0 0 0 0 0 0 0 0 0 0 0 0 0 0 0 0 0 0 0 0 0 0 0 0 0 0 0 0 0 0 0 -32 66 4 31 -95 99 96 74 -98 21 -67 65 -56 53 -98 -43 -36 55 -22 82 81 64 -30 8 -4 -11 17 -36 -45 19 -23 73 33 59 1 49 -74 -99 30 69 -5
0 0 0 0 0 0 0 0 0 0 0 0 0 0 0 0 0 0 0 0 0 0 0 0 0 0 0 0 0 0 0 0 0 0 0 0 0 0 0 0 0 0 0 0 0 0 0 0 0 0 0 0 0 0 0 0 0 0 0 0 43 65 52 55 -28 -24 75 -73 23 -84 -14 -30 63 -17 -30 -34 67 82 66 -24 -52 -62 32 95 -39 -86 53 3 69 -19 74 -65 84 -94 67 27 -25 -34 7 3
0 0 0 0 0 0 0 0 0 0 0 0 0 0 0 0 0 0 0 0 0 0 0 0 0 0 0 0 0 0 0 0 0 0 0 0 0 0 0 0 0 0 0 0 0 0 0 0 0 0 0 0 0 0 0 0 0 0 0 0 0 -1 88 -91 49 81 46 -52 -13 85 82 -44 75 36 63 100 21 71 -9 29 -24 -57 68 42 -54 -25 -76 20 -68 89 -34 85 43 95 -54 74 -15 67 -78 -44
0 0 0 0 0 0 0 0 0 0 0 0 0 0 0 0 0 0 0 0 0 0 0 0 0 0 0 0 0 0 0 0 0 0 0 0 0 0 0 0 0 0 0 0 0 0 0 0 0 0 0 0 0 0 0 0 0 0 0 0 0 0 -10 -43 90 -22 7 -16 -5 -34 49 -25 18 -70 20 -87 62 49 48 58 -82 20 -51 28 -70 74 -3 35 -24 5 -87 -62 -65 -49 -13 4 45 17 -64 -20
0 0 0 0 0 0 0 0 0 0 0 0 0 0 0 0 0 0 0 0 0 0 0 0 0 0 0 0 0 0 0 0 0 0 0 0 0 0 0 0 0 0 0 0 0 0 0 0 0 0 0 0 0 0 0 0 0 0 0 0 0 0 0 83 -54 99 -80 24 -15 61 -55 -20 62 -86 -99 15 -30 -47 94 98 -57 47 95 -60 25 95 99 -78 -67 57 11 62 9 3 9 22 -2 -99 -91 36
0 0 0 0 0 0 0 0 0 0 0 0 0 0 0 0 0 0 0 0 0 0 0 0 0 0 0 0 0 0 0 0 0 0 0 0 0 0 0 0 0 0 0 0 0 0 0 0 0 0 0 0 0 0 0 0 0 0 0 0 0 0 0 0 -49 87 -5 -97 -18 93 35 -52 -96 73 -99 60 87 -37 -43 77 -12 -21 -67 -74 -2 28 50 -22 -58 -84 -89 -24 -26 16 86 33 52 34 -14 11
0 0 0 0 0 0 0 0 0 0 0 0 0 0 0 0 0 0 0 0 0 0 0 0 0 0 0 0 0 0 0 0 0 0 0 0 0 0 0 0 0 0 0 0 0 0 0 0 0 0 0 0 0 0 0 0 0 0 0 0 0 0 0 0 0 75 -66 -13 25 -9 92 -52 -58 3 -96 -42 -43 86 -67 -46 87 -95 50 29 -57 -69 -7 82 66 -91 -4 63 -35 97 36 59 -88 52 -88 69
0 0 0 0 0 0 0 0 0 0 0 0 0 0 0 0 0 0 0 0 0 0 0 0 0 0 0 0 0 0 0 0 0 0 0 0 0 0 0 0 0 0 0 0 0 0 0 0 0 0 0 0 0 0 0 0 0 0 0 0 0 0 0 0 0 0 -73 67 -95 -88 76 -71 6 13 -3 -69 40 -36 21 79 -61 -48 77 75 61 -98 -23 7 69 -75 69 33 -31 59 55 79 -65 7 -74 30
0 0 0 0 0 0 0 0 0 0 0 0 0 0 0 0 0 0 0 0 0 0 0 0 0 0 0 0 0 0 0 0 0 0 0 0 0 0 0 0 0 0 0 0 0 0 0 0 0 0 0 0 0 0 0 0 0 0 0 0 0 0 0 0 0 0 0 84 58 -70 -28 -71 100 -73 27 -50 55 -49 99 -33 33 -49 -9 80 4 -25 -59 -90 40 27 -47 76 23 -16 -40 -100 -97 71 -78 -72
0 0 0 0 0 0 0 0 0 0 0 0 0 0 0 0 0 0 0 0 0 0 0 0 0 0 0 0 0 0 0 0 0 0 0 0 0 0 0 0 0 0 0 0 0 0 0 0 0 0 0 0 0 0 0 0 0 0 0 0 0 0 0 0 0 0 0 0 46 71 26 -62 -77 99 30 -81 85 85 -75 -35 64 -41 16 -25 -33 18 -88 -75 -56 -90 -26 -8 73 -20 9 89 -71 -76 94 -89
0 0 0 0 0 0 0 0 0 0 0 0 0 0 0 0 0 0 0 0 0 0 0 0 0 0 0 0 0 0 0 0 0 0 0 0 0 0 0 0 0 0 0 0 0 0 0 0 0 0 0 0 0 0 0 0 0 0 0 0 0 0 0 0 0 0 0 0 0 -98 -65 69 65 -57 -16 -9 12 59 -32 87 -77 -5 -13 -54 -71 2 2 16 -31 -2 76 22 7 66 -58 -72 -67 78 85 -85
0 0 0 0 0 0 0 0 0 0 0 0 0 0 0 0 0 0 0 0 0 0 0 0 0 0 0 0 0 0 0 0 0 0 0 0 0 0 0 0 0 0 0 0 0 0 0 0 0 0 0 0 0 0 0 0 0 0 0 0 0 0 0 0 0 0 0 0 0 0 -60 -74 6 51 23 45 73 12 -54 56 -3 99 -9 56 -93 75 86 -67 23 24 -72 5 12 -89 -84 -34 67 -20 -97 80
0 0 0 0 0 0 0 0 0 0 0 0 0 0 0 0 0 0 0 0 0 0 0 0 0 0 0 0 0 0 0 0 0 0 0 0 0 0 0 0 0 0 0 0 0 0 0 0 0 0 0 0 0 0 0 0 0 0 0 0 0 0 0 0 0 0 0 0 0 0 0 73 34 96 90 47 85 44 -43 71 -14 32 33 76 79 58 -76 10 69 86 -37 23 -12 69 73 64 -2 -62 42 56
0 0 0 0 0 0 0 0 0 0 0 0 0 0 0 0 0 0 0 0 0 0 0 0 0 0 0 0 0 0 0 0 0 0 0 0 0 0 0 0 0 0 0 0 0 0 0 0 0 0 0 0 0 0 0 0 0 0 0 0 0 0 0 0 0 0 0 0 0 0 0 0 -87 -98 64 -60 29 20 26 -58 -81 92 25 -18 -39 -16 -29 -88 29 -43 40 64 -4 3 -40 -80 17 13 46 14
0 0 0 0 0 0 0 0 0 0 0 0 0 0 0 0 0 0 0 0 0 0 0 0 0 0 0 0 0 0 0 0 0 0 0 0 0 0 0 0 0 0 0 0 0 0 0 0 0 0 0 0 0 0 0 0 0 0 0 0 0 0 0 0 0 0 0 0 0 0 0 0 0 -78 27 14 -20 -70 27 90 67 -96 -74 3 5 -91 42 40 -100 -77 54 58 63 -23 30 43 -48 67 71 16
0 0 0 0 0 0 0 0 0 0 0 0 0 0 0 0 0 0 0 0 0 0 0 0 0 0 0 0 0 0 0 0 0 0 0 0 0 0 0 0 0 0 0 0 0 0 0 0 0 0 0 0 0 0 0 0 0 0 0 0 0 0 0 0 0 0 0 0 0 0 0 0 0 0 -13 -7 -87 -43 16 -16 43 96 58 53 21 83 68 -7 83 15 -71 -76 94 68 -44 -100 -13 -10 62 -26
0 0 0 0 0 0 0 0 0 0 0 0 0 0 0 0 0 0 0 0 0 0 0 0 0 0 0 0 0 0 0 0 0 0 0 0 0 0 0 0 0 0 0 0 0 0 0 0 0 0 0 0 0 0 0 0 0 0 0 0 0 0 0 0 0 0 0 0 0 0 0 0 0 0 0 40 33 -5 79 -73 -89 -58 26 -65 83 90 84 4 -73 -35 56 -50 -52 -70 0 -45 17 100 -52 83
0 0 0 0 0 0 0 0 0 0 0 0 0 0 0 0 0 0 0 0 0 0 0 0 0 0 0 0 0 0 0 0 0 0 0 0 0 0 0 0 0 0 0 0 0 0 0 0 0 0 0 0 0 0 0 0 0 0 0 0 0 0 0 0 0 0 0 0 0 0 0 0 0 0 0 0 -14 -73 93 6 -89 62 72 50 -69 97 15 17 68 50 29 -66 27 -99 35 88 -88 41 10 49
0 0 0 0 0 0 0 0 0 0 0 0 0 0 0 0 0 0 0 0 0 0 0 0 0 0 0 0 0 0 0 0 0 0 0 0 0 0 0 0 0 0 0 0 0 0 0 0 0 0 0 0 0 0 0 0 0 0 0 0 0 0 0 0 0 0 0 0 0 0 0 0 0 0 0 0 0 23 30 99 -55 77 48 -56 87 -68 -74 -1 68 53 55 -18 29 -2 7 55 77 95 -37 -30
0 0 0 0 0 0 0 0 0 0 0 0 0 0 0 0 0 0 0 0 0 0 0 0 0 0 0 0 0 0 0 0 0 0 0 0 0 0 0 0 0 0 0 0 0 0 0 0 0 0 0 0 0 0 0 0 0 0 0 0 0 0 0 0 0 0 0 0 0 0 0 0 0 0 0 0 0 0 1 -13 -25 15 -66 -65 5 54 79 91 31 -24 79 40 -20 82 88 41 61 -45 -49 -47
0 0 0 0 0 0 0 0 0 0 0 0 0 0 0 0 0 0 0 0 0 0 0 0 0 0 0 0 0 0 0 0 0 0 0 0 0 0 0 0 0 0 0 0 0 0 0 0 0 0 0 0 0 0 0 0 0 0 0 0 0 0 0 0 0 0 0 0 0 0 0 0 0 0 0 0 0 0 0 59 82 -26 75 -12 72 -67 81 66 -55 28 38 77 63 -18 81 -71 94 -10 43 22
0 0 0 0 0 0 0 0 0 0 0 0 0 0 0 0 0 0 0 0 0 0 0 0 0 0 0 0 0 0 0 0 0 0 0 0 0 0 0 0 0 0 0 0 0 0 0 0 0 0 0 0 0 0 0 0 0 0 0 0 0 0 0 0 0 0 0 0 0 0 0 0 0 0 0 0 0 0 0 0 49 46 70 81 6 72 91 36 -27 8 -97 33 -73 -94 -3 -63 -87 71 -86 -49
0 0 0 0 0 0 0 0 0 0 0 0 0 0 0 0 0 0 0 0 0 0 0 0 0 0 0 0 0 0 0 0 0 0 0 0 0 0 0 0 0 0 0 0 0 0 0 0 0 0 0 0 0 0 0 0 0 0 0 0 0 0 0 0 0 0 0 0 0 0 0 0 0 0 0 0 0 0 0 0 0 -32 92 -59 -27 74 -36 -63 -85 76 100 -25 -48 92 38 -92 -9 15 -74 57
0 0 0 0 0 0 0 0 0 0 0 0 0 0 0 0 0 0 0 0 0 0 0 0 0 0 0 0 0 0 0 0 0 0 0 0 0 0 0 0 0 0 0 0 0 0 0 0 0 0 0 0 0 0 0 0 0 0 0 0 0 0 0 0 0 0 0 0 0 0 0 0 0 0 0 0 0 0 0 0 0 0 72 89 43 -43 90 65 43 -1 -40 30 100 78 -27 77 70 -88 -3 -1
0 0 0 0 0 0 0 0 0 0 0 0 0 0 0 0 0 0 0 0 0 0 0 0 0 0 0 0 0 0 0 0 0 0 0 0 0 0 0 0 0 0 0 0 0 0 0 0 0 0 0 0 0 0 0 0 0 0 0 0 0 0 0 0 0 0 0 0 0 0 0 0 0 0 0 0 0 0 0 0 0 0 0 6 75 -20 41 -87 -97 90 -36 -49 58 99 13 -43 62 80 81 65
0 0 0 0 0 0 0 0 0 0 0 0 0 0 0 0 0 0 0 0 0 0 0 0 0 0 0 0 0 0 0 0 0 0 0 0 0 0 0 0 0 0 0 0 0 0 0 0 0 0 0 0 0 0 0 0 0 0 0 0 0 0 0 0 0 0 0 0 0 0 0 0 0 0 0 0 0 0 0 0 0 0 0 0 -6 93 50 39 89 54 -50 98 85 -51 -25 14 -55 74 -81 -53
0 0 0 0 0 0 0 0 0 0 0 0 0 0 0 0 0 0 0 0 0 0 0 0 0 0 0 0 0 0 0 0 0 0 0 0 0 0 0 0 0 0 0 0 0 0 0 0 0 0 0 0 0 0 0 0 0 0 0 0 0 0 0 0 0 0 0 0 0 0 0 0 0 0 0 0 0 0 0 0 0 0 0 0 0 -56 88 31 -70 -4 -90 9 -29 42 -33 -67 -59 49 -35 -99
0 0 0 0 0 0 0 0 0 0 0 0 0 0 0 0 0 0 0 0 0 0 0 0 0 0 0 0 0 0 0 0 0 0 0 0 0 0 0 0 0 0 0 0 0 0 0 0 0 0 0 0 0 0 0 0 0 0 0 0 0 0 0 0 0 0 0 0 0 0 0 0 0 0 0 0 0 0 0 0 0 0 0 0 0 0 -16 19 81 -61 -90 -61 -18 52 -87 98 60 57 69 -23
0 0 0 0 0 0 0 0 0 0 0 0 0 0 0 0 0 0 0 0 0 0 0 0 0 0 0 0 0 0 0 0 0 0 0 0 0 0 0 0 0 0 0 0 0 0 0 0 0 0 0 0 0 0 0 0 0 0 0 0 0 0 0 0 0 0 0 0 0 0 0 0 0 0 0 0 0 0 0 0 0 0 0 0 0 0 0 25 46 40 -9 -82 100 81 -19 34 -44 -53 33 -83
0 0 0 0 0 0 0 0 0 0 0 0 0 0 0 0 0 0 0 0 0 0 0 0 0 0 0 0 0 0 0 0 0 0 0 0 0 0 0 0 0 0 0 0 0 0 0 0 0 0 0 0 0 0 0 0 0 0 0 0 0 0 0 0 0 0 0 0 0 0 0 0 0 0 0 0 0 0 0 0 0 0 0 0 0 0 0 0 29 -60 6 39 37 3 -77 -11 -44 -46 69 -16
0 0 0 0 0 0 0 0 0 0 0 0 0 0 0 0 0 0 0 0 0 0 0 0 0 0 0 0 0 0 0 0 0 0 0 0 0 0 0 0 0 0 0 0 0 0 0 0 0 0 0 0 0 0 0 0 0 0 0 0 0 0 0 0 0 0 0 0 0 0 0 0 0 0 0 0 0 0 0 0 0 0 0 0 0 0 0 0 0 -16 -8 -25 -45 92 58 35 21 43 92 66
0 0 0 0 0 0 0 0 0 0 0 0 0 0 0 0 0 0 0 0 0 0 0 0 0 0 0 0 0 0 0 0 0 0 0 0 0 0 0 0 0 0 0 0 0 0 0 0 0 0 0 0 0 0 0 0 0 0 0 0 0 0 0 0 0 0 0 0 0 0 0 0 0 0 0 0 0 0 0 0 0 0 0 0 0 0 0 0 0 0 -98 -71 71 -12 14 -39 64 57 59 -38
0 0 0 0 0 0 0 0 0 0 0 0 0 0 0 0 0 0 0 0 0 0 0 0 0 0 0 0 0 0 0 0 0 0 0 0 0 0 0 0 0 0 0 0 0 0 0 0 0 0 0 0 0 0 0 0 0 0 0 0 0 0 0 0 0 0 0 0 0 0 0 0 0 0 0 0 0 0 0 0 0 0 0 0 0 0 0 0 0 0 0 -90 74 -18 -3 -71 -2 -35 38 85
0 0 0 0 0 0 0 0 0 0 0 0 0 0 0 0 0 0 0 0 0 0 0 0 0 0 0 0 0 0 0 0 0 0 0 0 0 0 0 0 0 0 0 0 0 0 0 0 0 0 0 0 0 0 0 0 0 0 0 0 0 0 0 0 0 0 0 0 0 0 0 0 0 0 0 0 0 0 0 0 0 0 0 0 0 0 0 0 0 0 0 0 -28 -94 32 97 -5 31 30 14
0 0 0 0 0 0 0 0 0 0 0 0 0 0 0 0 0 0 0 0 0 0 0 0 0 0 0 0 0 0 0 0 0 0 0 0 0 0 0 0 0 0 0 0 0 0 0 0 0 0 0 0 0 0 0 0 0 0 0 0 0 0 0 0 0 0 0 0 0 0 0 0 0 0 0 0 0 0 0 0 0 0 0 0 0 0 0 0 0 0 0 0 0 24 -89 -25 66 -51 -18 31
0 0 0 0 0 0 0 0 0 0 0 0 0 0 0 0 0 0 0 0 0 0 0 0 0 0 0 0 0 0 0 0 0 0 0 0 0 0 0 0 0 0 0 0 0 0 0 0 0 0 0 0 0 0 0 0 0 0 0 0 0 0 0 0 0 0 0 0 0 0 0 0 0 0 0 0 0 0 0 0 0 0 0 0 0 0 0 0 0 0 0 0 0 0 -79 -76 -58 97 37 36
0 0 0 0 0 0 0 0 0 0 0 0 0 0 0 0 0 0 0 0 0 0 0 0 0 0 0 0 0 0 0 0 0 0 0 0 0 0 0 0 0 0 0 0 0 0 0 0 0 0 0 0 0 0 0 0 0 0 0 0 0 0 0 0 0 0 0 0 0 0 0 0 0 0 0 0 0 0 0 0 0 0 0 0 0 0 0 0 0 0 0 0 0 0 0 -99 60 -84 -47 71
0 0 0 0 0 0 0 0 0 0 0 0 0 0 0 0 0 0 0 0 0 0 0 0 0 0 0 0 0 0 0 0 0 0 0 0 0 0 0 0 0 0 0 0 0 0 0 0 0 0 0 0 0 0 0 0 0 0 0 0 0 0 0 0 0 0 0 0 0 0 0 0 0 0 0 0 0 0 0 0 0 0 0 0 0 0 0 0 0 0 0 0 0 0 0 0 61 98 -46 75
0 0 0 0 0 0 0 0 0 0 0 0 0 0 0 0 0 0 0 0 0 0 0 0 0 0 0 0 0 0 0 0 0 0 0 0 0 0 0 0 0 0 0 0 0 0 0 0 0 0 0 0 0 0 0 0 0 0 0 0 0 0 0 0 0 0 0 0 0 0 0 0 0 0 0 0 0 0 0 0 0 0 0 0 0 0 0 0 0 0 0 0 0 0 0 0 0 8 -74 -48
0 0 0 0 0 0 0 0 0 0 0 0 0 0 0 0 0 0 0 0 0 0 0 0 0 0 0 0 0 0 0 0 0 0 0 0 0 0 0 0 0 0 0 0 0 0 0 0 0 0 0 0 0 0 0 0 0 0 0 0 0 0 0 0 0 0 0 0 0 0 0 0 0 0 0 0 0 0 0 0 0 0 0 0 0 0 0 0 0 0 0 0 0 0 0 0 0 0 37 79
0 0 0 0 0 0 0 0 0 0 0 0 0 0 0 0 0 0 0 0 0 0 0 0 0 0 0 0 0 0 0 0 0 0 0 0 0 0 0 0 0 0 0 0 0 0 0 0 0 0 0 0 0 0 0 0 0 0 0 0 0 0 0 0 0 0 0 0 0 0 0 0 0 0 0 0 0 0 0 0 0 0 0 0 0 0 0 0 0 0 0 0 0 0 0 0 0 0 0 89
