25
4 6 3 5 5 5 2 2 6 4 6 4 4 4 2 6 6 2 4 3 5 6 6 3 5 
8 24 5 21
1 2 3 14 19 21
8 17 21
7 14 18 21 23
1 9 19 21 25
5 7 9 11 21
3 4
4 12
2 4 9 15 18 24
10 18 3 21
2 3 4 7 22 23
8 3 4 21
12 4 21 15
12 21 22 7
4 20
6 8 13 15 21 24
2 4 8 11 22 25
11 21
19 3 4 7
16 4 21
4 5 8 9 24
4 8 12 13 14 19
2 3 4 16 21 25
21 22 14
13 15 17 20 21
-36 41 -98 74 84 -71 74 37 92 -32 96 64 -13 -72 -25 11 -60 16 -100 84 84 -33 28 95 -55
0 29 -73 60 -24 63 29 55 -50 -61 -5 95 -59 38 99 35 -100 53 -18 25 -96 -72 -8 -22 -39
0 0 -86 -39 45 -80 -79 87 24 -83 94 36 96 -68 -68 68 21 40 -58 -33 35 55 8 -46 38
0 0 0 93 86 76 -49 82 -21 2 71 66 -5 12 32 15 -70 -37 -43 -84 -14 -95 50 41 -42
0 0 0 0 50 -44 -99 -82 81 61 -85 -42 -83 -92 -16 -82 31 -40 -29 71 24 -46 38 -67 85
0 0 0 0 0 46 47 21 -38 100 21 4 -52 -76 -76 68 10 -10 8 5 19 86 -87 72 67
0 0 0 0 0 0 65 -75 -85 3 86 -14 -73 -37 -51 -52 37 14 -65 8 -54 -29 18 -37 -81
0 0 0 0 0 0 0 13 40 -75 -88 66 38 -97 -77 92 -40 -58 4 24 23 -46 2 -85 -58
0 0 0 0 0 0 0 0 -3 -100 -1 -33 100 100 16 -27 8 78 87 100 42 69 83 24 -61
0 0 0 0 0 0 0 0 0 -52 -25 -45 -86 48 88 38 -85 91 -20 -86 -88 49 22 28 35
0 0 0 0 0 0 0 0 0 0 -60 -86 30 -80 -53 -83 52 -83 72 -40 3 -70 45 -37 48
0 0 0 0 0 0 0 0 0 0 0 52 -90 58 -80 7 68 49 44 33 -20 -34 -48 71 83
0 0 0 0 0 0 0 0 0 0 0 0 -20 -39 -33 1 -67 71 65 -24 17 -20 92 -82 -98
0 0 0 0 0 0 0 0 0 0 0 0 0 17 59 44 -75 -82 37 -46 29 -33 -67 -11 -83
0 0 0 0 0 0 0 0 0 0 0 0 0 0 -38 -6 -28 -60 12 39 80 -23 56 67 35
0 0 0 0 0 0 0 0 0 0 0 0 0 0 0 -98 70 41 -24 69 -74 -66 -33 -71 -73
0 0 0 0 0 0 0 0 0 0 0 0 0 0 0 0 90 41 -61 -31 -28 54 -47 83 -13
0 0 0 0 0 0 0 0 0 0 0 0 0 0 0 0 0 -48 75 62 -33 29 25 -36 -87
0 0 0 0 0 0 0 0 0 0 0 0 0 0 0 0 0 0 -77 62 8 -30 -89 -100 -15
0 0 0 0 0 0 0 0 0 0 0 0 0 0 0 0 0 0 0 97 -67 63 -33 -59 89
0 0 0 0 0 0 0 0 0 0 0 0 0 0 0 0 0 0 0 0 13 41 80 9 43
0 0 0 0 0 0 0 0 0 0 0 0 0 0 0 0 0 0 0 0 0 -98 -72 -81 76
0 0 0 0 0 0 0 0 0 0 0 0 0 0 0 0 0 0 0 0 0 0 -62 39 -91
0 0 0 0 0 0 0 0 0 0 0 0 0 0 0 0 0 0 0 0 0 0 0 -6 49
0 0 0 0 0 0 0 0 0 0 0 0 0 0 0 0 0 0 0 0 0 0 0 0 41
