[DEBUG] instanceFilePath: instances/max_sc_qbf/max_sc_qbf-n_100-k_5.txt
[DEBUG] alpha: 0.05
[DEBUG] numberOfRandomIterations: 500
[DEBUG] isFirstImprovement: false
[DEBUG] isLinearBiasFunction: false
Using the Random Bias Function
(Iter. 0| N ) BestSol = Solution: cost=[-1988.5900000000004], size=[67], elements=[75, 81, 57, 39, 23, 1, 15, 63, 4, 0, 2, 67, 22, 87, 13, 65, 45, 86, 93, 89, 38, 72, 83, 98, 47, 70, 42, 54, 7, 96, 61, 33, 31, 25, 51, 3, 19, 79, 56, 37, 62, 88, 32, 34, 71, 11, 26, 36, 48, 78, 95, 9, 20, 12, 97, 99, 30, 10, 29, 68, 80, 74, 5, 58, 91, 28, 21]
(Iter. 2| N ) BestSol = Solution: cost=[-2062.9], size=[67], elements=[68, 98, 88, 23, 76, 38, 65, 99, 89, 51, 86, 93, 39, 31, 30, 83, 13, 34, 72, 15, 1, 3, 19, 96, 62, 45, 79, 63, 0, 67, 61, 37, 56, 87, 75, 57, 53, 54, 25, 81, 4, 94, 32, 70, 33, 10, 7, 11, 71, 42, 26, 64, 35, 14, 8, 58, 21, 48, 29, 20, 22, 95, 9, 80, 16, 5, 28]
maxVal = Solution: cost=[-2062.9], size=[67], elements=[68, 98, 88, 23, 76, 38, 65, 99, 89, 51, 86, 93, 39, 31, 30, 83, 13, 34, 72, 15, 1, 3, 19, 96, 62, 45, 79, 63, 0, 67, 61, 37, 56, 87, 75, 57, 53, 54, 25, 81, 4, 94, 32, 70, 33, 10, 7, 11, 71, 42, 26, 64, 35, 14, 8, 58, 21, 48, 29, 20, 22, 95, 9, 80, 16, 5, 28]
Time = 1800.09 seg
