50
12 12 11 2 43 50 49 1 45 32 22 27 48 23 49 21 28 19 22 40 39 19 28 32 49 35 3 1 1 39 40 1 44 21 3 23 41 32 1 39 20 30 23 12 19 40 18 22 41 33
47 42 9 44 21 16 38 31 7 28 36 10
11 7 9 19 10 8 32 4 15 44 3 39
21 26 9 14 44 31 23 42 50 16 47
46 9
39 48 12 27 30 15 14 31 7 29 26 42 18 38 11 45 40 46 5 49 32 8 19 23 37 3 22 28 1 36 2 20 13 35 44 21 50 17 10 25 16 47 41
25 50 33 18 6 22 32 14 43 2 9 21 36 42 4 17 13 24 47 44 19 30 41 48 40 23 46 34 11 37 5 1 7 45 3 26 15 12 29 49 35 39 28 38 20 16 8 31 27 10
17 10 40 37 16 8 48 22 11 27 15 47 14 42 43 26 21 34 38 41 12 30 13 3 36 44 32 2 25 33 7 1 5 24 20 50 6 23 18 28 4 31 19 46 29 45 39 35 49
1
9 20 48 24 11 47 2 39 3 49 31 33 23 38 37 29 15 41 17 5 18 50 22 10 21 36 14 43 46 44 16 8 6 35 30 1 7 13 27 12 26 34 25 40 28
16 47 32 31 46 21 39 7 6 8 40 1 20 30 33 43 4 38 29 14 22 25 15 28 23 11 19 41 2 9 3 5
13 31 39 37 32 50 28 5 26 34 17 7 27 15 35 8 4 24 18 40 29 6
1 24 28 33 18 22 35 15 30 32 50 4 17 27 38 20 46 10 34 7 13 23 11 37 8 16 12
17 36 21 1 46 49 45 37 16 42 41 33 15 22 38 14 5 9 6 20 30 23 19 29 2 8 47 11 32 31 48 50 10 27 34 40 44 18 43 28 25 26 24 35 4 13 39 7
12 18 1 34 42 28 2 33 30 44 40 21 35 25 16 27 41 14 17 13 5 39 19
11 1 9 27 32 14 40 23 44 34 24 5 25 35 47 38 22 21 10 33 31 30 16 42 36 43 4 20 19 7 12 13 37 2 46 15 50 6 45 29 3 8 26 28 41 18 49 48 39
44 18 25 45 31 5 14 20 50 37 46 42 29 11 13 21 8 19 39 24 41
10 43 2 46 30 8 38 6 23 41 20 14 50 44 19 11 39 45 4 7 33 49 12 40 13 22 34 35
9 44 31 40 2 50 6 22 30 38 7 42 20 29 11 4 3 8 33
3 48 46 35 11 17 42 41 25 26 47 4 36 45 23 31 20 1 24 32 2 28
25 12 38 7 3 18 44 24 10 17 13 20 30 28 26 14 37 36 34 32 39 2 22 16 43 42 48 49 15 47 50 33 9 11 29 35 31 21 4 8
27 2 14 1 33 40 10 47 25 30 18 36 22 7 48 26 3 24 44 41 5 37 43 23 9 28 17 49 19 45 8 16 32 29 12 21 50 46 38
45 5 42 50 9 44 49 32 6 27 46 33 15 29 2 39 7 4 10
48 21 19 18 14 45 10 31 37 29 35 25 34 32 4 6 33 42 13 3 15 44 17 40 28 7 1 22
13 37 11 7 30 42 2 47 24 35 19 32 15 20 31 50 48 22 1 38 8 41 34 18 12 17 14 49 9 46 25 16
37 22 16 41 14 1 21 44 11 47 30 34 27 36 18 35 45 31 39 32 23 7 3 50 4 10 20 46 9 29 25 28 5 2 13 49 17 42 15 48 6 8 12 40 33 38 26 43 19
26 7 30 37 14 36 28 10 35 33 4 47 49 15 19 25 41 23 27 24 20 16 31 9 46 48 42 45 12 39 40 22 3 2 8
35 5 12
12
32
8 33 4 19 47 48 32 15 45 24 40 6 27 36 39 7 42 35 16 31 20 25 46 12 1 3 2 30 17 44 11 13 23 10 5 38 9 26 28
30 47 20 40 27 19 12 1 32 48 8 36 34 45 10 37 17 18 28 21 41 50 38 49 25 4 3 15 44 6 39 35 42 16 22 13 24 26 7 9
6
23 6 18 26 33 25 45 42 14 35 13 44 22 31 29 17 12 38 48 7 43 2 36 11 4 46 21 27 30 28 34 32 20 1 3 50 24 16 41 39 47 8 9 15
45 26 48 35 14 5 34 43 31 36 9 40 42 50 49 1 18 30 17 32 38
12 19 45
4 25 46 26 30 36 8 15 42 49 21 2 33 19 39 17 16 3 31 40 20 29 43
19 10 40 38 23 33 11 42 8 35 24 26 25 34 43 39 50 9 31 27 48 1 36 12 17 44 7 20 14 3 16 13 22 15 28 49 4 45 30 18 2
14 6 38 20 34 44 46 3 15 48 47 35 41 22 2 40 18 10 39 17 45 26 32 30 24 4 11 50 29 13 31 43
27
19 47 3 34 27 32 45 8 22 15 38 24 12 18 17 35 29 16 36 50 7 9 40 23 13 11 20 37 46 49 5 10 1 30 43 33 21 14 4
35 30 26 16 19 20 5 21 14 29 37 41 25 48 17 24 10 9 27 18
34 47 7 17 22 21 13 12 8 27 3 36 31 20 26 33 5 48 29 50 43 44 18 6 9 49 16 30 39 23
19 9 44 50 4 12 22 32 39 37 17 20 45 35 29 40 38 24 28 41 7 2 3
4 50 11 13 47 46 15 36 28 12 1 5
9 13 44 33 39 31 23 11 28 5 12 10 40 17 16 29 49 32 18
47 31 14 26 11 13 10 7 40 42 12 30 35 45 21 18 46 48 27 6 1 24 4 20 19 5 33 43 9 37 16 8 25 3 17 22 32 28 2 41
21 22 16 46 5 45 27 31 38 12 23 40 8 33 34 48 6 1
2 3 21 14 50 31 49 33 37 32 12 40 13 16 27 15 29 10 35 38 48 4
27 4 8 46 10 9 17 49 45 13 25 16 29 11 12 35 21 32 44 22 42 40 23 26 34 14 5 7 20 2 15 36 3 41 47 24 31 6 39 37 30
10 40 49 37 32 5 33 45 23 41 3 47 11 29 30 6 34 8 50 4 43 35 26 9 31 20 27 48 14 39 7 2 13
-50 14 -34 19 40 49 18 -35 42 -36 21 27 -6 24 -36 20 -43 18 6 15 -16 1 -30 -16 38 32 -47 -36 -8 -22 -16 -32 -36 -44 -47 47 -27 -12 -19 11 -48 -18 -4 -8 -1 27 39 -13 -13 11
46 -30 -6 28 -14 31 -2 -38 24 -21 -7 -37 6 21 7 18 -30 -19 2 6 -31 37 -6 -36 -50 10 -41 40 1 45 37 -39 21 -28 19 14 -49 19 -49 36 -47 12 -49 -9 -17 4 -22 -40 -50
40 -5 1 -36 -48 19 16 24 -12 34 34 -11 -23 13 27 16 9 4 -35 -32 24 -17 1 -30 -20 -22 37 41 -49 -39 -48 -24 23 28 -28 4 -2 -39 -6 -2 11 23 -16 -37 -13 -21 5 -46
29 -50 48 -4 -30 17 -12 50 -36 -19 -37 -18 -4 -18 -26 23 -44 -39 25 -3 -42 18 -50 -23 27 7 48 3 49 50 -13 -24 0 50 3 -21 -46 -24 50 -36 -8 -43 -25 33 17 33 -5
-8 -25 -9 16 -18 -38 11 45 -32 26 7 -18 35 -9 23 -26 16 28 27 -17 33 -23 15 -48 42 35 30 29 -29 12 34 45 39 -26 14 -24 8 -8 30 -7 -49 -1 -31 -10 -37 -48
14 5 -25 -48 22 9 -20 -46 35 20 -22 32 16 14 9 20 -38 38 -33 -46 15 -38 12 30 2 -41 45 22 -37 47 -46 7 9 21 -8 35 42 15 -20 16 4 -44 43 15 -42
-39 -4 -39 -15 -1 -4 -33 0 -46 -5 -12 -6 48 16 -25 31 44 -38 -49 -19 45 43 16 -49 45 -23 23 -41 -46 18 -12 -41 6 5 -21 -13 -25 -26 42 24 9 16 -24 -31
16 10 -14 -25 2 0 16 -15 48 42 -46 -21 -29 -28 27 16 -3 39 47 25 19 36 -28 12 0 5 29 0 35 -22 20 21 -14 -28 2 29 -6 35 4 13 -6 -22 29
45 7 -22 31 18 -21 -34 9 29 5 45 32 39 16 14 -10 41 -30 -43 45 40 48 -48 50 47 12 -36 -5 28 29 -6 -25 -26 -38 5 11 -35 42 -42 37 -7 -5
38 8 -24 -37 -18 33 -49 -9 7 -10 26 45 18 26 7 46 -22 -4 49 -13 -46 23 32 2 -30 -11 31 -24 -30 0 14 3 -28 30 -44 -6 39 -24 -31 -34 -38
18 -23 -8 27 40 -6 38 -19 38 -38 -22 -11 -39 -50 -12 26 -32 -37 36 -14 42 7 -34 -28 1 -12 1 49 14 -32 37 -36 -29 -23 33 -42 7 37 -42 8
26 25 6 14 -18 37 -23 -23 -36 -18 -41 -16 -43 40 49 44 -45 -42 -27 -11 48 -4 -16 11 -48 -12 -26 -48 -2 39 34 -17 -11 -35 31 2 -1 23 23
35 -16 -21 14 -3 12 38 41 -29 -6 26 5 -11 42 -26 -25 -25 -3 1 1 -3 -23 29 -23 32 9 38 -16 -20 -10 -3 42 -24 40 0 42 -15 50
20 -41 19 36 4 15 9 -42 15 -40 32 19 -7 11 -31 20 26 -39 18 48 1 45 -2 -36 18 -10 1 33 21 -49 -30 35 39 41 14 17 28
-40 13 -29 13 31 48 15 -45 50 31 -1 -46 21 -22 -35 15 -45 -31 37 -33 -28 -21 49 10 26 23 28 3 45 37 -39 -28 -45 23 18 25
-48 12 45 13 48 41 34 18 -47 14 -45 14 12 -1 -6 9 -38 8 32 -11 10 6 -12 18 25 -17 -31 -9 -26 -12 22 42 -7 -24 -46
-49 18 31 -4 -43 44 -1 -10 44 7 -19 -12 12 33 48 -14 -10 -45 5 -28 2 1 -18 24 -20 -32 -12 13 -37 25 -35 21 34 -2
49 33 -13 49 33 2 8 0 -9 -42 -47 18 8 -12 -40 42 47 15 -12 8 10 -5 -35 5 -31 33 31 32 -17 11 17 -7 -48
10 -40 17 35 34 8 1 -30 -37 -42 -23 42 24 44 -7 28 -14 -26 39 -37 20 38 38 9 -4 -19 -2 32 -27 -7 -42 15
37 30 -17 35 -46 39 15 20 17 6 35 49 -14 43 50 -28 17 -3 -41 20 25 -3 -42 11 -46 -32 0 -41 14 -44 15
22 -27 -20 -43 33 -16 7 32 -17 30 21 36 -44 -21 -29 -31 0 -25 -10 -12 9 -33 2 3 -13 -4 48 28 -23 -9
10 49 -12 -47 10 22 -13 -14 7 -26 50 -21 -17 45 -3 19 -10 -13 33 9 -17 -37 -9 -14 -5 -46 44 -38 -35
9 -10 -19 19 -8 31 38 39 39 36 15 35 25 37 -50 -13 11 -13 16 -19 25 -50 -42 -21 -20 7 46 50
-25 37 -15 -8 -38 18 13 43 28 33 46 19 15 40 49 -46 -19 -24 27 -29 3 -6 21 42 4 8 -26
40 -3 -34 -45 -37 28 37 -32 -14 -12 40 -2 -39 24 -28 42 -28 -43 -44 23 4 -30 -8 6 -35 11
4 -32 36 -22 -25 -21 -30 1 -4 -28 34 25 -12 -34 44 -37 -41 -23 -43 -12 23 -44 -33 -36 -49
-15 -15 -10 43 -15 -10 -24 -6 -2 -35 -16 22 -41 -15 -49 12 7 13 -29 49 -24 3 34 -13
41 -22 -24 8 -17 -18 -13 15 49 45 3 5 28 -2 -41 43 -44 -4 26 5 41 0 33
22 45 28 -43 -19 -44 -38 31 -24 -20 29 -18 -22 33 33 -21 -38 -35 -40 11 48 -23
-34 19 -33 -28 -21 28 3 -31 -35 -23 -1 38 -43 3 1 38 -28 -39 43 -12 -40
-9 -16 -26 27 27 41 31 46 -25 49 -5 16 -13 39 0 23 6 32 -12 7
-19 44 -11 -37 34 44 9 4 44 -28 19 38 -40 -8 -17 -41 39 -28 46
-38 -2 39 -20 -48 -41 -2 11 -45 49 -38 -15 -39 30 49 31 16 8
-32 45 27 30 -3 26 -39 9 25 -24 40 9 -30 23 20 -2 -32
38 47 16 2 10 34 -42 0 43 25 17 -25 -20 29 9 -46
5 -46 5 -9 -25 -50 40 13 -16 5 -14 -42 40 18 -1
-26 -41 24 26 -19 -39 16 -43 42 25 -9 -17 16 43
-12 43 -36 8 48 1 12 3 -11 28 -14 -42 31
15 -35 13 2 -14 -42 -37 23 -38 -48 16 31
47 -39 -13 -25 -14 11 1 46 -22 37 -32
-41 -42 -9 7 38 -33 -23 -17 -6 22
24 29 -26 -31 -1 7 -46 11 17
41 18 39 34 17 -1 -32 4
-40 12 20 -45 18 6 33
18 3 30 9 41 -7
-34 -34 -31 -20 -7
-26 10 0 8
20 41 17
18 -8
37