100
98 11 96 8 51 56 54 76 7 100 87 44 99 87 22 20 30 91 40 92 50 13 16 18 55 19 78 34 80 90 35 92 57 45 45 75 1 55 21 59 87 71 87 39 21 50 12 46 81 30 62 36 3 81 60 84 20 6 7 14 67 61 40 45 28 36 95 17 41 19 82 33 49 38 40 62 25 39 96 3 91 2 89 10 80 58 33 99 77 56 19 9 12 55 46 48 52 89 75 46
56 24 63 39 54 70 28 77 21 7 61 67 83 33 68 66 65 73 74 76 36 64 60 92 4 6 85 69 79 34 62 59 37 99 48 58 53 43 11 75 88 10 17 25 51 20 35 96 94 31 29 44 14 13 97 1 12 9 40 18 41 8 19 93 87 5 3 15 98 46 38 81 47 45 42 91 90 16 100 2 27 72 80 22 71 50 84 95 26 23 78 55 82 32 89 57 52 49
39 8 58 79 9 100 6 24 37 12 3
65 80 39 44 51 69 36 38 14 54 20 26 23 27 74 84 5 45 85 64 37 76 57 12 42 9 81 19 94 92 63 55 97 56 31 33 29 7 91 4 40 82 30 67 75 10 53 86 11 89 49 13 77 16 25 41 3 43 99 87 15 61 72 34 24 17 18 96 95 35 59 68 48 8 71 28 60 32 22 98 47 50 93 46 90 88 66 83 58 73 100 2 21 62 79 52
47 72 33 95 3 74 90 31
43 60 3 14 64 68 57 58 73 77 81 30 6 42 66 80 90 83 62 2 67 49 33 82 19 25 10 99 45 23 78 74 7 48 4 56 91 88 1 28 63 85 92 20 26 79 59 61 65 38 46
84 23 20 56 4 10 86 85 3 28 99 71 81 44 66 33 42 52 59 14 1 65 90 69 55 64 45 92 43 30 74 72 60 39 48 27 94 12 78 35 36 40 98 76 88 29 38 77 79 18 19 75 41 46 50 67
98 17 33 68 2 47 65 32 86 97 38 11 28 56 10 50 75 81 7 57 40 62 54 73 26 71 58 39 80 43 20 36 59 63 16 76 64 66 15 96 82 41 22 91 12 9 31 44 13 95 93 53 24 72
49 35 38 72 59 48 50 76 29 80 55 78 22 93 82 46 43 95 8 18 4 45 19 83 94 23 9 85 34 21 63 73 61 68 1 84 39 12 88 65 74 31 32 26 10 27 92 64 47 3 98 40 14 89 62 91 13 28 67 52 70 37 71 69 56 5 100 16 96 25 30 90 99 79 33 15
25 21 3 97 29 20 9
49 40 10 54 92 47 89 17 58 75 3 65 2 57 32 53 44 14 59 69 12 38 33 90 81 36 61 6 24 93 79 82 76 77 95 84 51 42 64 4 60 11 5 68 71 25 37 85 13 70 29 66 99 67 8 35 78 55 9 100 45 73 15 18 1 20 46 86 87 27 62 16 88 96 31 91 30 56 39 26 22 28 72 52 41 48 21 63 43 74 50 94 19 23 83 98 34 7 97 80
37 10 57 20 73 84 23 39 82 56 85 22 38 93 64 92 44 9 99 26 43 89 97 18 75 50 1 25 59 7 8 76 65 90 70 2 34 32 51 16 46 79 83 17 66 42 98 63 29 53 13 35 4 94 33 14 19 81 67 52 6 80 3 31 62 91 47 77 58 78 28 88 45 30 21 55 12 49 68 60 86 100 71 24 74 11 15
70 3 59 92 72 69 16 17 87 27 19 28 62 96 61 77 99 79 58 57 14 51 29 32 49 4 53 93 18 97 63 86 52 66 5 55 39 15 30 80 33 10 81 73
58 22 72 26 16 24 96 84 90 21 79 55 74 61 19 63 34 36 6 68 37 3 5 9 30 13 25 4 83 99 78 20 76 98 45 41 39 17 49 100 86 29 57 46 71 77 7 62 85 8 88 66 60 43 48 95 44 73 1 42 80 81 64 31 52 54 70 18 33 65 12 69 50 35 75 32 15 59 40 23 97 87 14 10 53 89 94 2 67 93 47 56 11 27 28 51 91 38 82
65 3 5 66 24 56 1 29 16 48 34 62 39 46 93 58 44 41 10 83 91 52 27 95 6 28 42 74 23 61 2 45 64 47 37 69 57 15 36 81 77 35 43 85 59 21 32 78 19 92 80 60 50 17 22 96 97 82 72 54 7 20 38 49 31 26 4 11 55 89 90 98 87 18 40 63 71 53 84 70 33 25 68 9 67 76 30
97 65 49 62 78 89 72 8 43 53 7 85 77 30 24 76 37 19 87 92 91 20
15 68 46 19 70 39 53 23 37 17 75 44 4 10 7 34 36 66 42 12
54 88 63 62 8 69 45 49 13 31 44 86 29 82 28 16 61 70 19 71 58 87 38 41 23 35 24 1 75 18
95 51 81 6 35 54 84 62 32 58 33 60 1 10 48 19 46 40 70 43 72 13 25 55 52 7 47 26 2 79 21 38 30 66 91 85 8 98 27 9 5 90 99 89 82 24 64 15 80 22 20 65 11 44 67 92 68 59 31 74 56 63 36 88 69 16 50 86 93 57 75 77 100 61 49 17 14 41 28 73 97 12 83 71 78 76 34 45 42 23 18
39 16 74 38 6 43 14 90 20 93 41 100 46 83 98 47 1 36 89 7 42 11 15 4 24 49 65 79 84 37 91 53 76 31 55 9 10 63 32 29
17 74 69 43 29 81 20 9 90 91 6 64 37 57 88 21 33 94 48 3 68 100 87 80 4 63 99 93 55 96 42 75 41 70 86 46 35 85 95 72 84 39 61 50 73 51 56 98 65 97 76 49 15 38 78 1 36 16 23 66 31 13 7 32 58 19 24 14 52 2 62 8 67 44 60 82 30 77 10 45 89 40 71 59 18 92 12 34 79 47 26 83
51 37 83 94 53 14 26 76 64 67 43 50 59 68 87 9 23 16 73 15 93 77 66 41 88 44 78 98 30 33 69 48 89 17 81 32 39 52 56 58 49 24 100 20 31 27 65 21 22 13
9 51 43 33 13 97 69 65 46 31 62 98 40
40 1 7 19 63 84 68 97 90 42 95 30 72 58 70 36
100 69 16 90 67 3 27 99 6 92 20 34 46 37 91 4 97 66
59 85 14 99 70 52 69 86 84 96 89 31 64 20 79 55 93 88 2 82 29 24 19 71 94 21 100 50 48 10 77 3 83 7 22 68 39 95 53 66 54 32 57 12 13 6 63 18 5 51 44 45 27 8 46
61 26 98 11 21 58 74 20 8 37 68 94 9 59 23 40 39 89 50
29 55 98 56 62 47 93 70 16 33 40 35 5 31 52 43 79 41 61 48 50 68 4 36 37 84 49 89 91 15 1 13 51 97 32 100 60 17 72 25 58 18 42 22 59 95 75 99 10 3 86 73 45 78 11 26 54 65 6 39 19 94 67 71 28 87 23 82 14 20 9 38 27 83 77 63 12 80
18 72 45 48 95 44 38 31 10 79 66 51 46 65 58 13 98 76 43 2 29 57 12 99 30 70 16 52 14 75 35 62 73 55
67 89 36 95 22 42 100 76 1 78 73 7 27 70 48 97 37 50 58 9 63 92 41 39 24 18 56 51 19 44 57 69 29 53 80 93 11 16 86 28 77 30 90 25 79 60 10 62 55 72 38 61 49 68 20 12 99 65 71 15 52 2 23 35 45 43 33 96 54 87 47 84 74 3 82 26 40 34 88 21
26 79 53 22 88 59 31 14 1 49 70 63 62 67 46 19 8 28 47 33 45 16 42 80 74 93 18 43 65 55 58 24 56 78 29 32 15 13 96 40 97 61 11 21 73 51 12 89 72 83 85 81 99 41 90 10 38 91 7 3 95 30 36 71 77 23 5 76 75 60 50 66 98 34 100 86 54 35 17 52 87 9 44 64 2 27 4 69 94 37
52 7 39 64 60 32 9 74 19 24 30 3 81 6 67 49 29 97 68 70 16 80 71 54 90 18 88 43 41 14 36 22 1 65 2
57 10 36 30 4 60 6 18 56 55 25 35 43 99 49 68 52 26 93 48 87 32 72 34 45 5 17 53 76 22 16 51 2 61 81 27 41 91 89 39 98 8 44 82 69 13 9 96 86 7 85 38 40 66 23 92 46 97 20 78 62 14 12 94 63 95 75 67 70 42 3 100 33 54 74 1 83 50 80 37 29 15 71 11 31 59 73 47 21 90 77 28
47 36 59 50 38 54 64 75 4 42 99 21 74 13 62 6 31 29 1 20 92 3 85 56 98 7 15 34 73 14 76 52 32 10 91 90 82 80 40 2 95 9 96 68 66 86 65 55 12 53 77 28 49 30 33 79 18
21 28 9 2 71 98 66 61 70 18 89 45 8 96 55 68 23 54 64 36 26 94 63 83 34 78 29 81 60 30 33 27 24 85 51 52 11 65 100 12 47 14 40 32 57
80 64 51 45 86 35 82 85 28 48 67 2 95 11 77 36 19 29 12 23 53 50 59 13 8 41 16 83 70 17 21 3 92 5 61 78 63 10 44 75 60 71 27 38 49
31 20 57 48 82 43 86 56 85 90 37 19 70 5 73 13 64 32 91 21 27 63 53 22 95 49 15 71 55 38 72 10 11 51 78 62 29 12 75 83 25 1 79 45 34 2 65 44 89 84 96 54 7 81 60 94 67 17 59 74 33 87 99 6 50 61 42 39 88 52 26 14 28 23 4
18
81 50 63 77 66 14 47 31 69 41 8 51 26 72 27 21 93 33 15 43 55 78 35 46 56 3 7 68 24 45 52 80 1 92 2 100 90 12 13 99 5 65 25 89 22 76 75 97 37 88 4 17 94 9 28
97 35 24 73 27 25 4 69 81 26 11 84 57 2 15 77 16 79 74 8 94
75 70 58 44 35 82 98 4 16 42 96 53 43 33 46 89 55 54 30 31 34 95 14 77 6 99 94 71 40 21 91 56 66 10 97 38 1 76 78 22 11 59 52 26 86 65 88 67 8 83 49 79 2 87 64 32 69 73 51
2 7 81 51 21 5 87 12 54 4 91 97 24 22 57 34 53 92 42 75 28 11 99 41 59 100 95 19 36 33 35 23 47 83 85 29 84 10 8 60 46 76 73 9 55 78 82 39 1 50 27 38 72 37 98 58 62 16 71 68 52 18 49 14 64 48 79 6 67 15 80 69 89 40 44 45 26 70 94 96 32 90 17 88 93 25 56
44 59 33 51 92 3 61 43 72 50 99 80 62 88 65 14 94 2 37 74 63 6 32 18 42 53 68 45 95 60 31 56 8 10 26 73 83 70 69 46 30 48 100 79 82 87 66 76 28 54 78 91 24 35 55 16 81 9 38 57 23 64 34 21 29 86 75 93 96 22 84
88 68 76 90 92 28 95 12 69 85 80 81 62 60 45 11 61 86 97 87 19 72 53 21 18 27 7 22 59 56 37 6 79 17 14 39 23 16 74 52 10 55 70 66 20 48 5 96 57 46 65 77 50 83 75 91 32 49 94 82 25 29 43 44 99 54 41 100 93 30 35 98 31 24 3 13 84 8 51 89 1 4 78 71 9 64 36
99 59 50 15 58 86 51 16 68 30 92 45 10 77 18 54 14 22 70 72 88 39 8 83 85 61 1 6 66 26 79 12 47 25 57 65 41 52 28
5 27 76 49 79 99 89 33 75 100 38 30 41 9 84 45 47 90 7 55 50
19 98 38 94 45 32 10 54 27 7 18 23 69 84 95 64 85 66 86 59 35 5 51 8 53 15 60 31 74 71 29 28 89 88 87 42 20 17 4 41 82 63 14 25 99 52 58 44 80 9
75 71 37 91 55 40 82 12 21 34 61 26
93 31 79 33 4 29 94 99 89 68 61 7 36 20 6 55 49 77 24 75 64 60 43 63 98 47 45 70 11 46 38 5 8 22 62 71 90 72 39 59 66 9 97 1 84 54
80 92 8 26 67 75 84 79 33 5 29 96 52 41 55 82 91 81 25 50 30 78 71 72 87 54 1 43 65 15 63 76 46 44 98 16 4 13 40 90 94 28 70 11 89 100 49 18 62 77 32 97 74 34 83 64 6 14 61 7 21 56 66 95 3 38 20 19 85 57 22 10 99 24 37 23 31 58 9 88 47
100 68 53 65 82 56 52 7 73 3 96 42 21 8 29 95 12 87 14 85 10 57 34 39 22 63 92 70 40 27
95 78 91 96 51 8 86 76 49 24 36 71 7 75 60 26 44 48 2 89 11 100 43 58 68 59 30 42 82 39 55 15 80 73 61 19 94 97 41 70 28 9 4 35 23 21 56 54 63 45 29 12 65 99 40 47 38 3 90 67 22 5
69 50 63 61 33 88 12 52 80 92 87 65 23 42 67 53 79 71 9 22 32 54 36 43 73 60 75 56 31 1 100 44 25 58 14 70
46 97 1
75 93 33 25 78 66 5 97 4 47 81 100 96 34 21 60 39 26 68 31 14 64 62 95 79 13 85 76 36 88 12 45 15 83 54 67 41 84 9 22 37 50 65 70 11 3 1 29 73 24 2 91 57 71 10 17 18 69 59 80 46 58 52 35 16 99 87 94 56 44 51 77 86 48 38 6 74 28 30 7 72
64 37 19 16 44 65 1 55 33 17 99 83 6 50 12 4 84 72 58 5 23 48 49 2 10 52 39 34 90 32 22 75 100 95 57 98 56 46 62 88 71 87 47 77 85 61 82 76 3 9 96 94 14 81 63 45 54 69 68 30
12 29 86 82 93 69 66 85 7 87 5 37 92 20 13 68 67 14 42 26 47 98 90 71 94 24 75 63 19 84 95 46 36 91 41 44 50 2 40 16 79 35 25 89 81 65 17 31 88 72 56 60 100 58 74 62 9 34 22 27 10 76 52 99 77 28 78 21 39 4 70 83 15 43 23 3 55 45 33 54 51 49 30 96
23 51 67 44 20 25 46 18 79 81 41 52 30 35 9 74 3 16 15 93
21 69 39 78 60 24
48 81 77 57 29 58 11
13 89 79 57 20 40 39 80 98 88 92 59 42 56
67 57 79 64 45 26 97 68 53 34 62 60 63 93 5 56 92 13 71 77 88 11 98 40 23 27 55 58 96 46 2 16 24 86 72 22 51 76 100 91 90 35 15 54 20 66 33 9 84 21 18 85 47 12 95 42 89 6 14 3 74 70 75 83 50 19 41
31 19 92 39 12 51 91 64 50 66 61 34 42 6 68 52 65 60 78 43 28 98 71 37 4 25 88 86 97 35 90 26 11 9 93 49 45 56 24 23 100 8 84 95 82 2 40 62 80 15 58 33 46 70 67 79 59 18 94 55 41
16 87 75 2 97 33 1 86 25 47 82 22 28 61 76 77 99 56 89 51 60 39 17 94 45 66 15 57 65 41 72 10 26 50 70 55 14 8 9 93
57 3 11 30 92 89 8 48 83 99 96 90 51 2 42 85 31 5 1 32 58 29 7 78 61 87 9 70 91 63 10 60 44 67 72 19 62 76 28 84 39 34 75 16 59
43 60 47 18 30 99 14 78 75 96 71 9 95 10 34 4 90 26 59 36 19 58 23 48 92 73 72 82
32 75 9 21 76 85 71 56 25 16 38 84 40 33 18 89 97 98 68 80 74 91 12 34 46 8 4 31 90 70 30 10 19 48 78 20
11 76 19 65 27 23 77 63 26 95 69 43 8 17 29 62 4 55 32 86 93 22 34 1 91 73 79 33 36 15 39 54 2 81 61 25 52 44 38 57 45 83 68 66 92 10 51 42 24 74 30 64 82 14 18 6 53 80 49 87 78 96 28 20 46 97 16 75 47 84 7 13 72 60 37 59 98 88 41 50 5 9 3 71 31 100 35 12 67 58 85 48 89 70 21
60 58 98 13 25 89 9 8 14 82 75 10 18 44 96 50 43
73 43 89 64 67 88 21 55 30 69 70 56 97 24 76 3 54 5 31 100 20 33 29 23 95 58 75 35 80 37 78 13 2 84 92 17 93 71 10 1 87
79 60 32 87 5 82 37 19 55 18 90 2 88 27 30 59 51 63 48
79 15 59 52 73 25 89 14 58 95 75 61 3 43 60 9 84 90 19 83 22 8 76 18 93 39 69 78 13 77 5 66 41 50 97 88 82 92 55 70 81 1 65 72 49 24 6 32 63 17 38 98 35 99 62 51 86 48 34 71 94 7 56 96 45 10 87 37 21 44 33 91 53 30 2 100 46 28 29 20 4 64
31 74 84 67 79 42 32 68 58 28 83 7 2 49 77 19 66 14 4 96 30 12 54 23 26 29 62 72 100 24 89 53 98
82 69 58 86 61 4 18 11 99 94 85 60 31 49 29 91 63 26 59 38 51 52 77 87 81 16 68 12 10 80 64 33 5 8 47 65 53 1 43 6 46 79 90 20 74 78 9 19 100
34 46 44 78 26 59 29 81 55 19 52 28 49 22 30 67 93 56 6 97 32 77 2 17 54 40 60 24 21 41 35 45 58 3 94 10 87 37
57 99 41 75 98 89 71 65 31 73 86 97 5 90 37 39 82 55 13 28 20 26 19 56 92 27 29 51 78 91 2 52 25 24 70 80 38 18 88 23
37 66 4 81 50 99 53 45 80 91 75 18 70 71 95 9 1 98 13 36 76 58 7 16 41 64 11 73 51 63 39 31 20 10 59 33 54 90 47 94 3 84 42 93 52 87 60 65 67 69 8 57 86 100 77 49 97 89 48 85 28 27
84 71 79 14 81 64 42 10 80 48 3 72 89 35 44 66 54 45 37 78 86 43 11 74 57
34 10 15 36 88 61 28 64 67 70 95 51 85 16 78 32 82 92 12 62 35 42 1 8 14 46 100 79 37 68 2 94 63 69 87 21 13 58 76
9 3 38 73 57 76 14 48 21 55 86 19 29 52 64 24 71 1 81 5 94 85 35 11 32 74 2 44 90 13 12 37 41 31 51 45 34 25 22 28 17 10 69 87 97 43 98 63 78 27 75 80 58 49 68 66 65 46 47 54 33 82 30 93 36 70 72 8 99 20 61 60 50 95 42 6 84 18 26 92 56 88 96 16 4 67 62 77 23 100 7 59 53 79 15 89
56 96 22
15 97 54 59 42 51 90 95 36 8 73 11 39 62 52 26 82 68 98 71 79 86 55 60 91 49 66 84 74 38 81 100 2 13 46 64 80 76 96 3 63 28 72 78 12 29 88 35 21 37 83 23 41 14 99 87 70 22 4 7 67 40 43 30 85 58 75 10 48 57 34 18 61 31 19 27 5 45 17 92 89 33 16 24 65 69 6 47 94 32 20
85 34
100 7 37 22 61 55 14 67 48 20 52 77 95 54 34 96 63 13 71 39 59 70 56 17 76 91 86 72 81 57 24 41 5 85 12 82 46 79 88 94 93 90 98 30 15 69 51 62 27 40 32 58 99 29 16 66 68 65 6 28 84 9 87 18 33 43 4 80 31 60 11 35 36 10 21 44 92 75 78 25 47 97 2 19 38 26 89 3 23
72 29 56 86 12 45 81 88 55 85
26 31 53 70 95 17 46 6 56 50 63 32 72 49 88 9 44 20 15 79 71 67 82 40 48 2 19 99 3 60 83 4 18 23 87 12 98 36 16 43 38 28 34 92 55 24 100 78 29 52 94 1 91 7 69 58 5 25 81 54 35 61 64 86 73 96 33 89 30 22 85 10 11 14 66 65 68 62 45 51
67 23 43 56 14 70 45 94 34 39 69 76 86 32 40 2 41 53 29 59 28 46 77 24 13 62 51 88 36 100 60 25 71 91 79 44 22 87 4 93 83 95 68 61 97 7 31 27 81 17 90 6 72 80 48 12 20 52
90 57 69 84 74 47 45 52 48 5 88 25 32 33 95 18 20 13 27 26 79 68 4 54 9 97 58 70 19 61 91 10 86
77 26 6 94 51 63 89 28 3 83 74 21 47 58 42 44 10 82 9 39 36 8 18 53 14 41 91 55 95 31 15 50 73 11 64 90 84 57 69 56 80 1 72 34 12 16 13 30 96 22 48 76 17 25 23 46 61 32 70 68 81 37 45 43 62 100 86 79 40 97 49 20 71 7 52 65 67 24 59 54 5 87 99 60 29 78 19 93 75 33 38 27 2 66 4 88 92 98 35
65 61 76 35 27 53 40 83 20 59 93 55 66 92 45 1 5 100 48 47 90 34 73 58 52 44 82 68 62 56 25 64 38 69 85 54 91 10 96 77 81 95 50 18 4 12 16 24 39 70 87 32 36 21 29 2 74 88 19 75 6 71 31 28 49 23 17 11 97 79 72 94 98 51 22 41 86
5 10 47 70 67 98 88 58 55 60 34 71 39 36 27 14 59 38 97 96 68 9 93 18 31 87 16 56 45 72 12 1 61 41 85 80 79 37 42 2 13 99 62 23 20 90 30 52 95 50 57 40 33 53 21 22
69 18 1 87 93 74 28 61 65 72 70 39 94 4 97 80 30 58 63
32 42 46 4 73 29 52 91 15
3 38 67 32 73 28 58 76 93 14 17 81
15 52 78 50 26 33 84 94 10 60 80 75 88 72 43 98 92 61 100 93 49 86 19 73 18 39 29 22 40 31 13 48 95 6 58 8 21 89 47 12 23 28 64 24 20 41 65 45 11 27 7 67 91 17 5
34 32 70 5 30 95 61 40 90 10 42 51 81 77 62 4 60 48 87 69 17 64 78 45 72 57 93 44 91 58 49 79 1 50 53 85 24 88 75 12 33 67 74 46 97 14
28 92 31 34 77 75 35 9 89 8 86 29 39 99 13 64 11 100 20 90 61 41 84 52 94 30 49 71 87 66 81 47 1 25 27 18 19 16 54 82 37 51 65 68 33 22 46 24
72 12 40 27 5 71 66 19 74 67 100 65 6 50 32 39 92 99 76 3 58 43 17 34 70 64 52 78 22 26 89 24 55 20 87 90 29 84 16 57 61 59 69 38 44 41 45 18 14 83 81 21
34 54 58 33 89 91 70 44 6 77 74 20 46 79 32 75 15 49 98 53 100 71 69 95 41 24 94 36 62 50 39 38 56 57 48 92 12 61 21 35 31 67 76 83 80 5 72 66 43 17 23 11 13 59 97 68 25 45 40 60 78 51 9 3 30 2 73 52 16 84 14 8 28 42 93 22 81 88 86 85 55 47 87 27 26 4 65 96 90
56 3 28 87 18 6 90 21 53 60 32 95 86 51 80 97 78 54 65 46 20 40 43 24 99 22 5 37 8 52 44 79 93 16 4 64 83 25 14 11 85 75 77 36 84 48 70 45 59 63 17 49 41 81 82 26 50 27 15 12 91 98 100 13 9 38 88 61 74 30 19 71 29 69 96
46 34 2 86 36 9 96 7 70 43 3 13 48 58 25 32 78 33 89 100 44 61 22 30 68 64 47 80 21 90 98 60 15 97 24 18 38 37 74 55 17 83 6 53 27 41
93 43 14 -83 28 -1 85 45 -81 58 67 26 86 -6 -86 -40 -83 3 -92 35 69 14 -30 86 -9 -78 -8 99 54 -44 -47 93 -6 38 -21 76 23 46 76 83 -28 77 62 -8 97 65 -66 89 20 86 -7 82 40 96 56 -32 -17 42 39 -96 -62 -66 71 38 -7 91 0 -96 64 60 52 -82 -59 -5 -73 87 -89 97 58 65 -14 -38 3 -100 -71 -83 -73 98 43 -66 86 44 48 -81 -70 -19 69 53 -20 58
85 52 34 54 54 71 -45 -92 -85 21 24 21 6 -84 -64 44 -37 100 -81 90 57 -19 -55 -28 62 -100 -43 -47 -74 -56 -21 -67 -44 -41 -64 -68 9 -48 56 -86 10 52 -89 -65 91 -19 -97 -90 -73 30 49 95 99 -24 85 61 -97 -40 20 23 -3 51 -43 43 46 -94 41 82 4 93 77 28 47 14 83 -33 56 -44 15 -79 71 62 -66 -77 -27 -43 -87 -9 -63 53 -31 74 95 -92 1 -18 -26 49 84
56 -13 -77 55 96 -26 -51 -80 69 99 50 -39 -41 88 1 -3 79 90 -68 57 95 -8 -8 69 1 -71 89 89 14 -94 86 9 62 -6 -52 17 83 -82 5 86 67 60 -14 -19 84 24 -82 -31 -6 60 -24 36 13 79 -9 -7 -84 44 84 73 89 -47 2 85 40 -77 -49 56 40 -66 -29 93 67 -11 79 1 -17 43 70 11 -45 45 -69 58 -63 2 -94 -44 -71 99 24 -13 53 63 100 3 30 52
-32 41 54 70 -52 88 59 -71 96 -100 62 -61 64 -16 40 76 9 80 59 -52 -13 -58 54 5 -60 73 42 83 -4 10 -50 -60 -34 -60 47 67 58 77 -86 -70 -2 -31 41 86 71 96 -21 7 -17 45 56 -80 99 -70 92 82 50 89 -22 74 55 72 87 50 81 70 -57 -91 -87 64 7 -66 35 25 5 -66 27 24 -92 -79 46 -47 47 1 -10 -74 -52 16 -18 0 -83 -32 53 32 -33 39 18
61 83 -6 31 83 -48 -100 68 41 -6 -34 5 54 71 43 7 -56 -91 35 -49 -20 40 -64 23 88 79 -44 -71 -94 24 0 -70 -14 48 -12 -61 -80 -36 65 44 0 -33 77 93 -85 -24 94 96 -72 -61 -46 6 -42 -96 -52 62 -51 -86 2 -74 -35 69 30 -20 -14 85 -72 -59 64 -68 -83 -63 -91 -94 85 80 78 42 56 -22 34 23 -81 -32 -20 5 -43 -67 -69 22 -82 26 53 -81 -67 49
30 -27 74 62 -90 -75 17 -50 60 3 -27 16 -1 -29 78 13 -95 22 -16 -32 100 60 7 -85 17 77 73 56 57 -56 44 -46 -46 1 -66 -97 88 36 -88 40 16 -98 90 -23 -8 -4 98 84 93 40 -7 66 46 -70 -36 -24 60 77 -54 88 -48 -71 -91 -94 -52 11 60 4 -70 -39 -8 0 -33 -24 -87 -81 79 -7 -22 -46 81 74 -95 27 -40 -41 -46 -56 -100 -9 -67 -52 -61 -91 -10
-30 57 -51 91 81 -73 -38 80 58 -60 -19 23 -84 41 -8 -78 -17 77 -31 -61 27 30 16 81 90 -83 -44 69 72 -99 40 51 76 18 -31 97 -93 9 -31 -64 88 -25 -12 85 -68 -27 -20 17 -72 -100 79 -16 21 -74 62 55 47 -76 56 -66 -31 99 -47 90 96 -56 -36 27 79 80 27 -15 17 -26 -20 -2 78 -78 -12 64 -13 22 -56 -45 29 62 65 -96 36 60 -95 10 49 21
47 19 -10 -77 68 76 60 90 64 -86 -73 -48 81 17 48 -16 36 -21 -39 61 -15 -23 -28 96 38 81 23 -84 70 72 -87 -13 -98 -70 87 24 65 -8 -97 -70 82 45 39 52 93 -96 -100 45 -66 -31 -49 -60 74 77 2 49 -88 -85 -15 31 73 -28 -77 57 52 5 -77 67 -22 -81 83 -91 -35 3 -44 -4 51 -99 93 58 -7 -19 98 -54 94 -29 -50 64 18 -97 9 -48 -19
-17 -79 27 -77 -32 27 89 -100 87 -44 67 -65 6 -84 10 71 82 65 31 -19 -48 100 96 -53 -9 93 -77 6 -40 -17 -2 25 -10 -43 66 -28 30 49 87 38 -46 -77 -90 -69 -17 36 42 13 39 -20 55 12 -74 -70 35 -7 -64 56 50 -67 -40 100 -76 54 -13 33 1 65 -41 56 -83 95 -41 81 42 3 15 -17 12 57 -24 74 -77 -28 9 36 2 79 34 35 -16 -55
93 72 92 85 -29 -97 87 73 53 53 23 93 26 -84 -44 51 83 99 27 91 39 -67 99 -39 8 1 64 9 -55 -28 -87 15 -56 -56 92 -35 34 5 65 43 84 14 -41 -58 15 -84 91 90 71 -68 59 87 43 -72 48 64 -35 -73 -29 -78 -89 -59 -71 12 66 25 -66 65 63 -92 -14 -92 8 3 -25 12 82 -41 76 7 -59 -59 -15 43 91 -94 -8 43 -59 57 -96
-75 -54 -39 -83 -49 -49 -86 -93 -45 -34 -62 -61 80 -3 51 98 36 85 22 12 -99 20 78 -74 36 6 -94 88 9 63 -22 -73 68 -90 61 2 -73 -72 -79 60 45 -86 -32 -42 85 62 -18 98 30 98 -74 -20 67 -27 32 80 -92 -25 -7 -73 15 -25 -66 36 86 47 0 81 76 -93 43 -85 -9 72 -98 -65 65 -87 16 38 -57 -37 -25 82 -100 14 17 -28 83 -36
-50 -49 50 84 -45 91 10 30 -15 -1 -92 -60 69 5 -34 -28 73 -83 -94 -88 59 21 -84 49 25 89 4 -54 -99 69 60 -94 57 -28 82 -46 87 -91 -96 -52 10 30 -13 46 -8 -92 75 -58 11 26 -8 53 5 -1 -90 -66 71 87 34 -28 86 69 -32 85 -98 -50 1 97 -19 -10 52 67 70 10 -98 19 -99 -91 41 -12 -84 95 -74 59 -84 -38 -60 83 -19
-57 -45 58 -2 -32 19 -40 -98 -43 -36 26 61 -56 54 67 -43 -55 94 -88 44 -36 -43 -15 -14 -36 -7 64 96 -45 8 39 68 72 66 -16 -10 -8 -15 92 93 -84 -58 -73 94 -21 73 59 -36 7 85 -40 86 -91 -97 99 9 39 -83 -42 16 71 -55 2 6 -32 -55 64 -63 -14 -29 -87 11 84 -88 -25 -5 -40 64 71 22 7 36 95 59 87 -51 -72 73
-57 0 -98 67 -11 -91 59 37 -50 36 29 22 -2 68 67 77 41 91 -68 -83 85 62 -5 -42 -100 -46 71 24 99 -13 -6 -83 -8 -75 33 -70 63 -22 83 81 -90 53 -87 -73 -83 14 -81 30 28 -31 -19 -69 -78 3 47 92 -71 -7 -60 73 19 -77 88 -30 0 97 -74 -21 5 -90 48 -34 51 -89 89 71 -16 42 -35 79 -18 -40 -30 -50 -14 -78 -78
50 -59 69 84 57 29 -90 89 -10 5 47 74 80 33 56 -95 42 -38 8 19 -10 18 -99 77 27 99 30 93 -31 -84 0 -61 -62 10 85 -84 69 -97 4 19 22 73 86 -64 10 -46 -72 -5 -53 10 33 76 1 -66 -17 -80 -57 -78 82 -45 -52 -60 33 -2 -23 79 30 63 13 53 -43 74 88 -33 -1 70 64 -32 25 26 31 -24 -82 89 -19 -34
23 -96 77 -25 -86 24 -61 60 37 75 0 28 -8 54 58 -54 66 -79 -76 45 92 11 -1 -74 -8 10 -36 -92 92 54 47 -53 46 53 -59 49 -4 91 -94 -56 38 -42 62 -39 -50 -51 -10 -47 46 73 -44 -41 -63 84 65 38 -79 34 93 -17 -40 18 7 -63 64 31 -82 -89 41 66 -59 -50 87 41 46 -77 -63 40 -16 8 -37 -52 -33 88 100
29 65 1 66 91 37 -69 -48 63 67 68 20 17 39 45 61 90 61 -30 86 97 -35 50 9 44 -20 73 12 80 30 -11 54 -33 -89 51 -56 95 57 -59 -33 -22 -5 -98 -20 6 29 -28 54 23 99 -39 -10 8 30 -84 -66 -26 -15 -55 -81 53 5 87 17 -48 -47 -7 86 21 18 -86 -24 86 38 -60 -95 72 16 -97 -66 33 -33 -20 6
-55 -9 25 -23 98 71 -22 80 31 9 33 85 41 -86 49 73 55 -13 85 -82 16 20 17 -51 41 -78 -75 53 87 -6 91 88 36 56 41 -60 94 -28 -7 28 51 92 -37 79 -86 -24 61 38 -17 8 37 90 25 1 37 -82 84 85 49 -26 -100 -99 -92 -44 -34 -89 7 82 2 26 17 6 -85 54 83 -17 48 -13 -31 34 17 -66 43
-98 33 63 -26 90 -13 70 -53 -1 -42 28 54 -100 1 55 98 -7 55 -85 -36 -26 -29 90 22 -88 75 78 -18 -46 -12 -32 51 -32 68 80 -9 81 7 -31 17 26 34 85 71 -98 -52 33 58 92 -60 -78 -52 -45 -55 32 -20 63 -60 -78 -91 -52 -34 -16 -88 92 22 40 -5 -81 -27 87 -93 -4 -6 22 -19 96 64 28 -12 16 -43
27 -11 -42 -4 87 -36 69 -69 -50 -88 48 -79 -46 73 14 -69 -60 -22 29 46 47 -43 -94 81 25 96 91 83 -82 -80 -52 91 -29 -27 31 -40 -79 -17 21 -43 80 4 -16 99 -44 85 -24 -9 -62 -48 35 -27 -71 73 -41 42 30 -23 -42 61 63 31 -41 -46 69 73 27 39 33 34 -1 10 94 -26 -6 -82 20 -5 -41 79 44
65 -16 -7 -62 81 -96 -20 -71 -55 -81 -45 -77 -7 -34 62 10 -70 -23 83 46 -19 -64 57 -16 90 -57 -31 61 74 -51 -74 43 -27 -32 -26 -30 51 -70 -34 -82 56 -77 96 -25 71 -64 44 77 -39 84 98 8 52 67 -42 -6 -80 82 -61 83 -49 5 54 80 51 74 50 -47 -1 59 7 -69 22 62 86 -54 -47 -90 -75 3
79 2 79 65 -85 87 18 -11 -8 96 99 -3 49 35 -98 -98 -25 -94 18 27 -62 -8 -28 8 -13 17 -26 31 88 -66 -85 13 -41 100 -94 -4 81 -50 -94 14 -1 69 77 89 34 85 49 -38 7 35 -58 14 -37 -46 -26 -80 -40 50 -15 -79 -48 -61 44 83 -31 -13 39 -84 49 46 36 -45 20 48 -52 -65 76 -90 45
-6 65 -29 -31 -15 2 -81 -18 95 -67 94 -65 28 -99 73 100 47 -86 -24 -96 -89 -91 -30 -89 23 -83 82 -78 -54 -81 -42 -58 -68 46 38 67 66 -28 69 86 72 98 36 -19 -89 -4 -29 -35 42 -14 -47 87 71 -57 -41 -18 -58 14 69 3 -92 55 53 -74 58 -41 -98 30 38 12 28 42 -76 -34 -56 -33 -76 -99
-76 -86 85 -96 -12 81 -84 56 75 -15 -75 -10 2 77 -96 4 35 -88 67 -100 98 92 -10 45 -29 -6 -66 -72 -34 -96 23 28 27 -75 -47 -41 18 72 -5 -41 50 34 -31 -37 -19 77 79 -11 76 -83 -64 99 -55 56 66 -42 -73 59 44 44 -44 -6 9 17 43 83 70 -13 3 96 86 -61 -35 -65 14 16 -30
-38 77 -76 -97 47 -32 -12 63 -83 50 -65 -60 0 72 73 -3 7 -19 19 -16 -67 23 15 61 73 24 -52 -3 74 15 -77 81 -84 -76 5 57 -50 -58 -2 45 64 -96 -40 -100 74 65 68 100 -32 53 -92 50 -29 -77 90 58 -36 -20 27 -45 57 58 49 26 -51 48 54 -26 83 66 -65 -66 -67 -91 -34 37
-18 5 -38 78 36 58 3 -72 93 53 89 -82 25 -7 -38 98 -21 51 90 81 10 -69 0 -47 90 -36 -43 96 46 50 7 -82 -63 47 -72 87 9 -93 -87 -41 64 17 -61 63 23 -29 72 -94 11 41 27 59 94 8 93 39 48 -11 -43 -14 -79 79 68 -88 -11 -4 -68 24 29 35 -60 47 -90 -64 60
-71 49 2 -75 58 -2 -87 -34 -25 -26 84 -55 83 46 44 25 78 -74 -17 -14 -75 79 -29 -60 59 -69 -37 65 -75 19 24 64 -35 -100 44 87 6 -1 57 92 -12 -35 -17 -12 -60 21 -94 -65 -62 0 -9 45 63 -78 60 17 -28 0 38 53 17 63 -29 -29 74 -12 -95 46 -27 -95 -5 -92 15 39
59 -62 -8 -98 -62 -41 -80 -29 -28 9 -94 30 -23 59 -86 -41 22 53 62 -67 4 -4 22 -88 3 79 12 84 -20 -83 -31 -93 -48 21 51 79 51 -12 -16 -51 -60 100 24 -33 72 -76 53 -18 61 76 31 60 5 33 14 76 33 -95 43 14 13 -89 98 19 61 -8 -43 -35 -40 66 79 44 -77
26 -41 -45 79 59 -3 16 -46 -3 -9 -56 -50 -36 -84 -83 -90 6 -84 -67 98 -13 42 50 -3 -8 -80 -12 54 -30 -48 -68 1 -90 68 -1 36 14 -83 -15 27 62 -68 42 38 -9 96 93 67 -85 -37 -83 33 -80 -45 -16 7 -70 59 2 21 5 -76 -57 -27 7 -29 76 -62 -87 -89 76 28
-19 -8 92 22 40 18 -13 89 20 -36 -13 -19 8 -56 40 39 -56 60 -85 63 -43 87 -64 79 -3 -65 -93 84 -67 -42 -62 -44 -43 73 -46 -55 -64 -26 58 -94 16 37 83 77 -18 65 -5 47 93 -3 58 22 97 -68 -21 -33 -99 -77 94 -94 -73 -9 25 91 98 34 32 73 -5 -17 -85
77 53 84 -51 28 14 0 70 -94 -64 -50 -16 -33 7 -53 12 -19 50 -88 -21 -35 -47 -61 -49 -77 76 -19 50 -88 94 -67 39 -76 -52 75 -99 -3 64 93 -18 42 38 66 -9 -31 -73 -41 -79 87 70 -88 -62 -49 -74 0 8 -78 23 76 60 -20 -45 80 -37 38 -89 -85 87 -10 45
-67 61 64 46 65 -68 30 78 35 73 46 -9 12 -16 6 18 45 -10 -5 93 -67 93 -8 31 87 75 86 99 -79 29 -23 -16 -29 56 -60 76 97 -72 -93 -25 0 -41 55 -68 -46 84 -12 70 50 -13 -17 95 -17 32 1 40 -100 -91 -29 -67 -100 51 -25 7 92 1 -33 45 -77
11 -53 91 9 23 11 -19 65 -94 -68 -81 -44 12 -42 28 -25 -46 -47 72 41 100 29 86 -98 -89 26 -50 79 -42 -85 -32 33 -31 -73 -73 -27 -35 -92 31 30 -69 12 40 -14 -60 -21 -73 90 -84 54 1 -96 37 -2 28 -2 -31 5 98 100 -49 61 83 79 62 -34 14 -48
66 -25 27 68 -21 6 -25 34 -64 86 37 96 8 -40 -29 -22 -16 -91 -8 36 28 85 52 92 7 -72 98 -10 -4 -47 66 19 -6 -5 -43 -67 56 -88 68 69 -62 91 84 -62 -45 -8 -28 7 -83 -91 1 -77 -28 66 -72 84 -62 97 69 -52 98 -76 90 -16 10 -6 -53
-5 26 -1 -100 73 -45 -15 25 47 5 36 95 22 92 -92 -80 -87 -48 -2 26 76 20 8 -41 38 -96 -21 -39 65 71 -33 97 -96 -85 60 -73 -7 33 -46 61 96 -39 -61 -43 83 -1 39 58 21 89 92 -77 -6 50 -32 28 21 -6 -59 -31 -44 -94 -71 46 -73 46
91 -75 88 6 15 -40 83 48 -30 -1 50 -35 34 -3 -95 33 -70 -4 -48 -18 18 -62 -22 29 -48 -31 -71 2 -12 70 40 56 -9 -14 24 65 71 10 -21 44 -40 69 -50 -57 -28 79 59 -81 -6 -76 -26 -6 -41 -14 93 90 30 -71 -68 -29 -59 -23 63 46 1
-15 100 62 96 13 -88 98 95 18 78 -61 -79 -55 -94 -51 73 -46 -73 31 -50 96 -67 76 -64 -100 -5 -2 45 -2 -30 62 59 -42 -54 -7 -24 80 -51 -98 10 0 26 76 -75 10 -33 -2 -70 -96 95 72 33 79 -13 39 -58 4 -20 -16 11 -20 -35 71 55
-22 -43 -38 20 -19 -59 33 59 9 34 -1 94 56 -58 80 47 -12 -43 -14 -99 -90 -68 -7 -15 23 -100 -85 6 21 12 -72 30 59 -50 -62 66 70 57 10 57 -12 -78 -82 -89 -11 -35 -42 4 -97 -75 -15 -38 13 52 69 4 -62 25 -84 98 -21 20 -92
-25 27 -88 13 -79 58 -78 -62 -43 42 -43 84 30 -80 -66 -52 32 90 13 -19 98 -94 -34 -81 -16 34 14 -92 46 -34 92 27 55 70 80 87 -45 19 -50 27 -85 1 21 -64 90 -84 -66 -17 -13 89 -88 -49 3 28 -38 22 -10 -86 21 -78 22 18
78 -1 52 85 -66 -92 -58 59 41 -55 -28 -98 -100 87 28 83 50 15 29 -19 56 -20 9 55 85 -5 36 3 -36 -3 21 -63 -39 6 68 93 -43 -97 -2 -31 39 -52 94 -7 10 92 -97 -20 -71 -85 1 2 43 -26 18 78 25 21 48 81 -81
27 -75 -82 -72 -53 -91 -62 53 47 -1 -79 -63 55 39 -35 -11 -47 -20 57 38 63 -58 38 -7 14 -15 4 -57 6 7 -19 -24 61 76 -21 71 -1 15 -60 -3 -85 72 2 -35 10 -99 -55 6 -41 20 66 27 -52 75 28 26 24 58 41 -77
48 -63 70 -10 -26 52 19 85 -5 44 46 -56 -33 76 62 -28 -77 67 61 61 -22 16 50 -61 -84 68 -5 93 28 7 74 -65 30 -78 75 -14 -6 -74 -33 55 24 -79 83 13 -35 -66 100 71 59 69 46 -36 11 -62 -86 -31 62 -17 42
30 -72 -61 -79 -79 32 52 -77 -30 41 -94 -63 38 26 56 -50 9 -75 -13 66 -69 33 57 60 -29 -13 47 -57 -32 87 -94 -25 -52 -88 -4 45 16 -3 -4 -91 2 -71 -60 95 91 -89 -79 22 77 -69 -95 25 22 44 17 -29 -90 -15
89 -92 -80 36 98 99 -55 -20 31 87 2 -98 -72 -63 -62 100 24 73 -44 -5 54 -67 26 -4 -85 -39 -33 -46 -71 12 15 9 -47 61 -75 -84 37 87 -2 -69 39 54 -12 -8 -41 20 40 33 50 27 90 57 92 11 55 -22 -78
86 7 -74 7 56 16 -17 24 70 56 47 -75 -12 21 -70 -13 97 -4 38 -4 -73 -98 -44 97 51 39 -9 -66 -36 64 25 46 37 81 -48 -37 20 -4 -2 -54 91 32 11 69 49 -56 -35 30 -16 -30 87 -62 35 11 -39 -30
58 67 15 -62 -85 75 -19 85 -96 40 -23 -75 61 -44 -91 37 -80 -63 -67 -10 -92 82 14 42 -17 68 -42 -81 14 42 1 13 -30 2 26 -34 -22 3 -90 -67 -83 -63 -83 -19 -37 8 15 38 -2 19 -71 73 40 -36 28
-70 -80 -6 33 45 35 -68 -55 77 91 93 -85 92 52 -95 -68 21 1 -66 77 52 -98 56 -18 -93 33 -57 -45 -33 100 24 -91 -59 -43 -12 79 -63 5 33 65 -4 21 -74 -43 -27 -22 -78 -16 -46 -9 -9 -68 -2 51
8 -4 78 -78 -69 41 -85 44 60 -9 7 8 70 -5 46 61 11 -67 87 -25 -84 -42 -30 -80 96 10 2 -50 34 80 -25 16 15 3 -31 -54 10 80 42 -21 -29 -80 -95 42 59 46 -38 -12 36 -4 -32 30 75
15 -26 79 14 -50 62 -46 97 -17 -56 51 52 71 54 15 15 -90 -60 -45 -98 88 -55 -94 50 72 39 -70 33 54 -98 -54 -3 21 11 71 -16 37 87 83 -17 -86 -21 -47 96 -37 -54 67 -99 68 85 -53 -53
31 -69 98 10 -63 82 51 23 7 96 64 60 -42 -28 60 36 56 67 -97 -64 -71 78 -27 88 -22 -16 -2 -47 95 -44 -21 87 -41 -86 -58 -53 -26 -62 -93 -88 34 -65 -95 -55 11 66 31 91 -69 -85 69
-94 27 -37 66 53 15 -68 -20 -20 -17 46 -75 -10 -81 -98 -67 36 -59 -73 83 -94 -61 -75 -35 7 57 3 -37 49 -59 72 -78 17 68 65 70 -7 36 -13 -52 71 -62 -3 53 -54 3 -64 0 -52 64
-10 -44 90 -45 84 30 23 89 73 11 79 23 88 -84 -66 90 -10 -8 68 55 69 -35 84 -16 23 -2 8 -83 -31 20 98 2 -89 5 -2 33 -66 -64 -18 -75 59 26 41 65 -38 -80 -15 -82 67
21 -24 50 -23 53 67 86 -30 -64 27 16 -43 65 83 18 -42 4 15 -23 -98 83 -66 90 88 -10 22 0 69 87 24 -8 -18 51 59 46 -21 -13 -34 87 -51 12 -34 96 -76 -89 -24 36 55
81 -78 -85 -57 42 17 43 25 -66 89 97 -91 11 -52 70 -47 20 27 32 21 -82 -81 94 -50 -33 -23 19 -92 -72 -21 -50 -2 86 25 81 -63 70 15 37 4 45 -62 33 -16 -4 -65 91
-42 28 75 63 8 -86 -87 -36 -27 55 52 -55 15 -56 -22 88 92 8 -4 79 -21 -82 -77 86 62 80 -2 46 42 41 -26 58 -62 -94 44 62 99 -84 -69 72 1 0 56 34 -40 65
-28 -79 -40 22 -21 -77 62 -65 92 -5 -59 50 -37 -3 16 32 -49 65 -3 -70 -53 -96 77 37 -25 -33 84 -51 50 22 -18 -61 56 19 -10 -100 -1 -30 -90 -93 -17 -37 81 90 65
9 71 70 46 2 90 67 63 23 -6 36 15 78 -35 -100 29 54 13 52 61 5 13 95 -61 -35 96 70 64 70 16 94 -13 8 -37 -17 30 -80 -83 92 52 27 -52 4 -44
-28 37 86 92 -73 -40 -11 -94 -97 -5 81 -77 -17 89 66 -57 65 87 -7 -77 8 -86 -49 -14 -45 5 -20 64 -75 39 49 42 4 52 -24 90 -47 -69 -93 -67 -79 -20 -90
-36 36 -33 52 -24 47 13 23 -71 19 -43 85 -74 60 -55 98 88 -22 -7 47 -15 -32 -12 19 -8 20 -2 -81 18 -86 -78 -45 7 16 -13 -59 48 58 -5 51 -47 48
-10 -21 -56 -82 -45 -81 31 -25 44 -3 -89 64 -10 -44 -60 -84 20 40 58 57 6 49 62 -51 74 -5 -88 -32 -80 1 -29 61 41 39 -77 -40 -1 -80 -47 90 64
-86 -93 82 -20 -59 49 -49 4 14 -35 87 38 -66 48 -86 -7 -72 52 -11 26 26 -65 36 -44 82 25 18 24 -96 -13 58 74 92 20 10 55 1 93 -34 -17
-99 -1 -66 17 -61 -20 -22 24 80 -46 -76 97 -68 81 40 -74 -50 -43 -98 77 26 69 85 -27 45 -98 -11 -93 22 -95 -16 19 -79 42 -87 94 30 63 62
28 93 13 68 15 32 -57 79 87 62 -9 65 20 80 -57 -59 -93 -2 -24 -80 -40 -31 52 13 5 12 -5 92 -90 -59 1 3 100 -60 41 -65 -37 71
60 57 -19 77 1 -50 29 -67 -52 -54 16 -71 -27 35 97 -86 -9 51 3 53 -54 36 -17 42 -75 -35 79 34 -62 96 33 -60 56 80 -93 -34 -77
28 -66 92 37 -49 -23 -61 -9 74 64 36 84 -46 -27 11 50 93 98 -6 7 -37 46 98 62 0 9 89 -83 -48 22 92 99 11 93 83 -9
54 20 -39 -10 47 -81 -84 24 19 26 98 -75 -20 -47 -51 11 74 22 34 -17 7 -71 -67 61 -10 -77 -8 -24 43 -49 -82 -50 21 -69 -22
-44 63 -29 -89 4 -33 -47 -2 11 78 -90 17 -15 7 17 -45 -96 74 -30 12 -28 69 -39 7 -84 -89 19 -14 47 -18 -52 -41 77 25
93 -40 -51 72 91 -69 -1 -34 -29 93 -86 49 29 77 90 95 -6 -24 -58 35 75 -56 -49 -44 74 -2 84 -49 47 -76 -90 60 -3
55 -77 76 -11 -73 -79 -55 31 94 -36 -87 -51 -8 -33 94 81 91 -65 61 -49 54 -62 62 71 -37 88 -85 20 -3 -81 59 74
20 100 10 2 -57 -37 57 19 6 -62 -51 5 64 32 70 -81 -92 -96 17 -65 -33 25 -88 89 -29 40 31 -58 -50 -83 -72
10 -55 -24 4 -89 -65 95 83 31 -72 54 -50 -67 91 -81 12 98 -20 79 -54 12 -32 -62 -14 -83 99 72 -75 -4 7
39 -35 49 -29 -55 -29 -44 95 -93 69 30 -67 85 48 -53 24 -91 -1 84 43 -33 21 0 19 -91 35 1 -48 -87
49 -42 -91 74 89 75 84 -42 -34 -95 -50 -50 -44 6 1 45 -24 -60 82 -70 1 9 -55 2 18 82 -18 -41
95 71 -97 68 99 41 66 11 71 41 -77 -26 -23 35 69 -75 -85 41 54 77 -87 63 -6 -94 17 -33 86
84 22 -37 -68 70 12 27 -58 15 -87 -23 54 79 -82 -93 89 35 -45 44 -39 40 -46 -98 34 72 -48
39 65 84 -62 -100 84 -31 -19 95 58 5 49 -14 48 76 -54 -82 2 -15 60 47 -23 61 -77 -74
-50 -55 51 -97 -53 20 -15 96 33 -68 58 58 -66 -42 -16 4 40 -79 28 -87 -34 -91 -88 -81
-51 35 -42 -24 98 56 83 -13 77 4 -38 78 14 -16 87 -1 27 60 78 22 -46 -22 96
-66 86 -88 -41 -98 64 -34 71 -52 -69 91 -49 -24 99 16 -37 -95 -4 97 23 -3 -99
19 -56 -26 76 16 32 51 -21 -20 55 -46 64 -54 47 18 75 32 23 17 -66 -32
75 52 8 66 -43 96 -48 -2 83 -72 77 65 29 -12 -78 95 -19 1 80 82
-11 9 -67 -87 -74 97 97 -87 59 66 -2 4 -67 28 -100 31 64 51 -37
69 48 -40 12 37 80 -93 60 13 -8 -63 22 84 34 -23 6 87 100
-85 -44 37 23 41 21 -85 -51 -65 -44 -55 63 -4 -9 77 -49 42
-90 -5 79 31 35 39 -80 -64 8 -12 90 5 -56 -67 47 88
78 -22 77 -9 -3 48 91 19 31 -39 91 -98 -56 -10 -26
31 -19 -54 75 -68 50 89 -9 -13 -23 16 -32 -98 -40
-51 50 54 94 -87 30 -38 15 12 -9 -1 100 -94
-1 -99 -43 95 87 -21 72 -30 -35 79 64 -4
52 64 -63 -14 75 -40 -2 7 89 -66 15
-48 -93 -10 61 6 83 80 -11 2 19
71 -46 97 -22 -75 60 17 -61 -14
98 68 -47 3 43 -73 -89 60
-97 -57 -47 -93 -23 85 -82
-8 91 -87 -69 66 -47
-98 27 42 -29 -29
88 84 -33 24
-91 -29 -18
19 60
85