25
23 17 15 15 9 5 10 12 20 20 13 4 14 3 5 22 12 3 16 7 11 10 21 8 15
14 22 10 20 11 8 21 9 4 18 1 5 25 6 12 3 17 23 2 16 19 15 7
11 16 21 23 17 1 9 2 14 3 20 12 19 8 24 10 6
6 23 24 7 9 17 22 12 15 21 18 8 1 2 14
10 6 25 13 20 18 24 12 2 8 21 16 22 4 15
22 3 23 6 19 12 18 5 2
25 19 13 7 5
10 24 12 19 17 11 3 9 16 2
24 17 9 12 7 2 14 20 5 10 8 21
14 7 24 9 25 19 6 21 5 13 10 15 11 22 17 3 12 4 8 23
14 13 24 25 23 21 5 20 6 4 11 22 18 15 16 7 10 3 17 12
6 4 18 8 2 22 23 1 25 9 11 20 10
19 10 16 21
10 24 1 21 9 15 18 7 5 12 22 8 25 17
17 8 4
15 9 1 24 19
15 20 6 17 14 21 25 2 24 12 22 3 18 1 8 9 4 11 16 5 10 13
12 11 3 10 22 15 7 24 14 17 16 23
14 6 11
20 4 14 11 9 7 15 2 16 25 5 12 23 22 17 3
12 24 20 8 23 4 18
20 9 24 15 1 23 3 19 6 5 14
6 7 1 15 13 16 20 4 21 14
1 13 4 10 25 14 21 24 7 12 15 18 6 11 20 5 19 23 17 2 22
22 17 21 8 13 23 20 16
2 3 7 6 20 13 5 24 21 14 19 23 1 10 18
2 -13 23 11 0 7 11 8 -15 16 22 14 -8 19 18 -21 -21 14 10 -6 5 17 2 19 -8
-1 -10 9 -19 -2 14 1 24 14 13 -13 -4 4 -18 -7 1 20 7 -18 -12 0 17 -23 -18
-9 -2 19 25 -6 3 -15 -16 5 -22 23 -18 -8 -7 -24 -6 6 -1 -22 6 -10 0 -19
-1 6 -22 -17 -2 -6 11 -21 5 16 -18 11 14 -15 -24 19 15 -17 19 -24 3 10
16 16 8 -6 -10 11 -25 14 25 13 -13 -14 10 -11 -10 -19 -4 -22 5 -13 3
-18 -2 17 -14 2 21 14 -9 -14 -8 1 24 -20 14 -21 1 -10 -19 -10 -3
1 -1 -18 -3 -20 18 2 -20 9 16 17 -15 10 -6 -19 -21 -11 15 -7
-6 6 12 23 -16 23 -13 4 8 -5 16 25 24 21 -8 1 14 -8
9 -2 6 -16 -23 -7 -11 -25 -7 20 -9 -18 -5 -10 4 17 12
13 -16 3 -21 -12 -15 -15 -20 -20 7 -5 -8 12 24 -6 -13
24 -19 17 -13 11 9 7 10 2 20 -2 9 6 -15 -24
-24 -4 9 -7 2 11 24 -2 -16 -2 18 -10 -23 4
21 -19 -4 16 7 8 6 25 -10 19 25 1 -4
16 25 15 -19 -14 -13 -11 1 4 -21 25 4
-18 20 -20 -13 -10 -22 -10 12 -22 -13 23
1 1 -6 -19 -8 -7 17 -10 -25 4
5 -16 -20 -13 22 17 7 -22 3
-20 -25 11 3 4 -24 13 -1
-14 -6 -11 16 -16 -24 0
-19 25 25 -24 -21 -3
20 -21 -1 -23 4
-16 -21 6 13
6 22 5
-13 -22
-4